9.809878000000000000e+06 9.809878000000000000e+06 9.809878000000000000e+06 9.809878000000000000e+06 9.809878000000000000e+06 9.809878000000000000e+06 9.809878000000000000e+06 9.809878000000000000e+06 9.809878000000000000e+06 9.809878000000000000e+06 9.809878000000000000e+06 9.809878000000000000e+06 9.809878000000000000e+06 9.809878000000000000e+06 9.809878000000000000e+06 9.809878000000000000e+06 9.809878000000000000e+06 9.809878000000000000e+06 9.809878000000000000e+06
9.803148000000000000e+06 9.803148000000000000e+06 9.803148000000000000e+06 9.803148000000000000e+06 9.803148000000000000e+06 9.803148000000000000e+06 9.803148000000000000e+06 9.803148000000000000e+06 9.803148000000000000e+06 9.803148000000000000e+06 9.803148000000000000e+06 9.803148000000000000e+06 9.803148000000000000e+06 9.803148000000000000e+06 9.803148000000000000e+06 9.803148000000000000e+06 9.803148000000000000e+06 9.803148000000000000e+06 9.803148000000000000e+06
9.802930000000000000e+06 9.802930000000000000e+06 9.802930000000000000e+06 9.802930000000000000e+06 9.802930000000000000e+06 9.802930000000000000e+06 9.802930000000000000e+06 9.802930000000000000e+06 9.802930000000000000e+06 9.802930000000000000e+06 9.802930000000000000e+06 9.802930000000000000e+06 9.802930000000000000e+06 9.802930000000000000e+06 9.802930000000000000e+06 9.802930000000000000e+06 9.802930000000000000e+06 9.802930000000000000e+06 9.802930000000000000e+06
9.802900000000000000e+06 9.802900000000000000e+06 9.802900000000000000e+06 9.802900000000000000e+06 9.802900000000000000e+06 9.802900000000000000e+06 9.802900000000000000e+06 9.802900000000000000e+06 9.802900000000000000e+06 9.802900000000000000e+06 9.802900000000000000e+06 9.802900000000000000e+06 9.802900000000000000e+06 9.802900000000000000e+06 9.802900000000000000e+06 9.802900000000000000e+06 9.802900000000000000e+06 9.802900000000000000e+06 9.802900000000000000e+06
9.802861000000000000e+06 9.802861000000000000e+06 9.802861000000000000e+06 9.802861000000000000e+06 9.802861000000000000e+06 9.802861000000000000e+06 9.802861000000000000e+06 9.802861000000000000e+06 9.802861000000000000e+06 9.802861000000000000e+06 9.802861000000000000e+06 9.802861000000000000e+06 9.802861000000000000e+06 9.802861000000000000e+06 9.802861000000000000e+06 9.802861000000000000e+06 9.802861000000000000e+06 9.802861000000000000e+06 9.802861000000000000e+06
9.802835000000000000e+06 9.802835000000000000e+06 9.802835000000000000e+06 9.802835000000000000e+06 9.802835000000000000e+06 9.802835000000000000e+06 9.802835000000000000e+06 9.802835000000000000e+06 9.802835000000000000e+06 9.802835000000000000e+06 9.802835000000000000e+06 9.802835000000000000e+06 9.802835000000000000e+06 9.802835000000000000e+06 9.802835000000000000e+06 9.802835000000000000e+06 9.802835000000000000e+06 9.802835000000000000e+06 9.802835000000000000e+06
9.802815000000000000e+06 9.802815000000000000e+06 9.802815000000000000e+06 9.802815000000000000e+06 9.802815000000000000e+06 9.802815000000000000e+06 9.802815000000000000e+06 9.802815000000000000e+06 9.802815000000000000e+06 9.802815000000000000e+06 9.802815000000000000e+06 9.802815000000000000e+06 9.802815000000000000e+06 9.802815000000000000e+06 9.802815000000000000e+06 9.802815000000000000e+06 9.802815000000000000e+06 9.802815000000000000e+06 9.802815000000000000e+06
9.802795000000000000e+06 9.802795000000000000e+06 9.802795000000000000e+06 9.802795000000000000e+06 9.802795000000000000e+06 9.802795000000000000e+06 9.802795000000000000e+06 9.802795000000000000e+06 9.802795000000000000e+06 9.802795000000000000e+06 9.802795000000000000e+06 9.802795000000000000e+06 9.802795000000000000e+06 9.802795000000000000e+06 9.802795000000000000e+06 9.802795000000000000e+06 9.802795000000000000e+06 9.802795000000000000e+06 9.802795000000000000e+06
9.802762000000000000e+06 9.802762000000000000e+06 9.802762000000000000e+06 9.802762000000000000e+06 9.802762000000000000e+06 9.802762000000000000e+06 9.802762000000000000e+06 9.802762000000000000e+06 9.802762000000000000e+06 9.802762000000000000e+06 9.802762000000000000e+06 9.802762000000000000e+06 9.802762000000000000e+06 9.802762000000000000e+06 9.802762000000000000e+06 9.802762000000000000e+06 9.802762000000000000e+06 9.802762000000000000e+06 9.802762000000000000e+06
9.802745000000000000e+06 9.802745000000000000e+06 9.802745000000000000e+06 9.802745000000000000e+06 9.802745000000000000e+06 9.802745000000000000e+06 9.802745000000000000e+06 9.802745000000000000e+06 9.802745000000000000e+06 9.802745000000000000e+06 9.802745000000000000e+06 9.802745000000000000e+06 9.802745000000000000e+06 9.802745000000000000e+06 9.802745000000000000e+06 9.802745000000000000e+06 9.802745000000000000e+06 9.802745000000000000e+06 9.802745000000000000e+06
9.802721000000000000e+06 9.802721000000000000e+06 9.802721000000000000e+06 9.802721000000000000e+06 9.802721000000000000e+06 9.802721000000000000e+06 9.802721000000000000e+06 9.802721000000000000e+06 9.802721000000000000e+06 9.802721000000000000e+06 9.802721000000000000e+06 9.802721000000000000e+06 9.802721000000000000e+06 9.802721000000000000e+06 9.802721000000000000e+06 9.802721000000000000e+06 9.802721000000000000e+06 9.802721000000000000e+06 9.802721000000000000e+06
9.802708000000000000e+06 9.802708000000000000e+06 9.802708000000000000e+06 9.802708000000000000e+06 9.802708000000000000e+06 9.802708000000000000e+06 9.802708000000000000e+06 9.802708000000000000e+06 9.802708000000000000e+06 9.802708000000000000e+06 9.802708000000000000e+06 9.802708000000000000e+06 9.802708000000000000e+06 9.802708000000000000e+06 9.802708000000000000e+06 9.802708000000000000e+06 9.802708000000000000e+06 9.802708000000000000e+06 9.802708000000000000e+06
9.802695000000000000e+06 9.802695000000000000e+06 9.802695000000000000e+06 9.802695000000000000e+06 9.802695000000000000e+06 9.802695000000000000e+06 9.802695000000000000e+06 9.802695000000000000e+06 9.802695000000000000e+06 9.802695000000000000e+06 9.802695000000000000e+06 9.802695000000000000e+06 9.802695000000000000e+06 9.802695000000000000e+06 9.802695000000000000e+06 9.802695000000000000e+06 9.802695000000000000e+06 9.802695000000000000e+06 9.802695000000000000e+06
9.802675000000000000e+06 9.802675000000000000e+06 9.802675000000000000e+06 9.802675000000000000e+06 9.802675000000000000e+06 9.802675000000000000e+06 9.802675000000000000e+06 9.802675000000000000e+06 9.802675000000000000e+06 9.802675000000000000e+06 9.802675000000000000e+06 9.802675000000000000e+06 9.802675000000000000e+06 9.802675000000000000e+06 9.802675000000000000e+06 9.802675000000000000e+06 9.802675000000000000e+06 9.802675000000000000e+06 9.802675000000000000e+06
9.802665000000000000e+06 9.802665000000000000e+06 9.802665000000000000e+06 9.802665000000000000e+06 9.802665000000000000e+06 9.802665000000000000e+06 0.000000000000000000e+00 0.000000000000000000e+00 0.000000000000000000e+00 0.000000000000000000e+00 0.000000000000000000e+00 0.000000000000000000e+00 0.000000000000000000e+00 0.000000000000000000e+00 0.000000000000000000e+00 0.000000000000000000e+00 0.000000000000000000e+00 0.000000000000000000e+00 0.000000000000000000e+00
0.000000000000000000e+00 0.000000000000000000e+00 0.000000000000000000e+00 0.000000000000000000e+00 0.000000000000000000e+00 0.000000000000000000e+00 0.000000000000000000e+00 0.000000000000000000e+00 0.000000000000000000e+00 0.000000000000000000e+00 0.000000000000000000e+00 0.000000000000000000e+00 0.000000000000000000e+00 0.000000000000000000e+00 0.000000000000000000e+00 0.000000000000000000e+00 0.000000000000000000e+00 0.000000000000000000e+00 0.000000000000000000e+00
0.000000000000000000e+00 0.000000000000000000e+00 0.000000000000000000e+00 0.000000000000000000e+00 0.000000000000000000e+00 0.000000000000000000e+00 0.000000000000000000e+00 0.000000000000000000e+00 0.000000000000000000e+00 0.000000000000000000e+00 0.000000000000000000e+00 0.000000000000000000e+00 0.000000000000000000e+00 0.000000000000000000e+00 0.000000000000000000e+00 0.000000000000000000e+00 0.000000000000000000e+00 0.000000000000000000e+00 0.000000000000000000e+00
0.000000000000000000e+00 0.000000000000000000e+00 0.000000000000000000e+00 0.000000000000000000e+00 0.000000000000000000e+00 0.000000000000000000e+00 0.000000000000000000e+00 0.000000000000000000e+00 0.000000000000000000e+00 0.000000000000000000e+00 0.000000000000000000e+00 0.000000000000000000e+00 0.000000000000000000e+00 0.000000000000000000e+00 0.000000000000000000e+00 0.000000000000000000e+00 0.000000000000000000e+00 0.000000000000000000e+00 0.000000000000000000e+00
0.000000000000000000e+00 0.000000000000000000e+00 0.000000000000000000e+00 0.000000000000000000e+00 0.000000000000000000e+00 0.000000000000000000e+00 0.000000000000000000e+00 0.000000000000000000e+00 0.000000000000000000e+00 0.000000000000000000e+00 0.000000000000000000e+00 0.000000000000000000e+00 0.000000000000000000e+00 0.000000000000000000e+00 0.000000000000000000e+00 0.000000000000000000e+00 0.000000000000000000e+00 0.000000000000000000e+00 0.000000000000000000e+00
