9.290315000000000000e+06 9.290315000000000000e+06 9.290315000000000000e+06 9.290315000000000000e+06 9.290315000000000000e+06 9.290315000000000000e+06 9.290315000000000000e+06 9.290315000000000000e+06 9.290315000000000000e+06 9.290315000000000000e+06 9.290315000000000000e+06 9.290315000000000000e+06 9.290315000000000000e+06 9.290315000000000000e+06 9.290315000000000000e+06 9.290315000000000000e+06 9.290315000000000000e+06 9.290315000000000000e+06 9.290315000000000000e+06
9.212508000000000000e+06 9.212508000000000000e+06 9.212508000000000000e+06 9.212508000000000000e+06 9.212508000000000000e+06 9.212508000000000000e+06 9.212508000000000000e+06 9.212508000000000000e+06 9.212508000000000000e+06 9.212508000000000000e+06 9.212508000000000000e+06 9.212508000000000000e+06 9.212508000000000000e+06 9.212508000000000000e+06 9.212508000000000000e+06 9.212508000000000000e+06 9.212508000000000000e+06 9.212508000000000000e+06 9.212508000000000000e+06
9.205754000000000000e+06 9.205754000000000000e+06 9.205754000000000000e+06 9.205754000000000000e+06 9.205754000000000000e+06 9.205754000000000000e+06 9.205754000000000000e+06 9.205754000000000000e+06 9.205754000000000000e+06 9.205754000000000000e+06 9.205754000000000000e+06 9.205754000000000000e+06 9.205754000000000000e+06 9.205754000000000000e+06 9.205754000000000000e+06 9.205754000000000000e+06 9.205754000000000000e+06 9.205754000000000000e+06 9.205754000000000000e+06
9.205013000000000000e+06 9.205013000000000000e+06 9.205013000000000000e+06 9.205013000000000000e+06 9.205013000000000000e+06 9.205013000000000000e+06 9.205013000000000000e+06 9.205013000000000000e+06 9.205013000000000000e+06 9.205013000000000000e+06 9.205013000000000000e+06 9.205013000000000000e+06 9.205013000000000000e+06 9.205013000000000000e+06 9.205013000000000000e+06 9.205013000000000000e+06 9.205013000000000000e+06 9.205013000000000000e+06 9.205013000000000000e+06
9.204874000000000000e+06 9.204874000000000000e+06 9.204874000000000000e+06 9.204874000000000000e+06 9.204874000000000000e+06 9.204874000000000000e+06 9.204874000000000000e+06 9.204874000000000000e+06 9.204874000000000000e+06 9.204874000000000000e+06 9.204874000000000000e+06 9.204874000000000000e+06 9.204874000000000000e+06 9.204874000000000000e+06 9.204874000000000000e+06 9.204874000000000000e+06 9.204874000000000000e+06 9.204874000000000000e+06 9.204874000000000000e+06
9.204818000000000000e+06 9.204818000000000000e+06 9.204818000000000000e+06 9.204818000000000000e+06 9.204818000000000000e+06 9.204818000000000000e+06 9.204818000000000000e+06 9.204818000000000000e+06 9.204818000000000000e+06 9.204818000000000000e+06 9.204818000000000000e+06 9.204818000000000000e+06 9.204818000000000000e+06 9.204818000000000000e+06 9.204818000000000000e+06 9.204818000000000000e+06 9.204818000000000000e+06 9.204818000000000000e+06 9.204818000000000000e+06
9.204794000000000000e+06 9.204794000000000000e+06 9.204794000000000000e+06 9.204794000000000000e+06 9.204794000000000000e+06 9.204794000000000000e+06 9.204794000000000000e+06 9.204794000000000000e+06 9.204794000000000000e+06 9.204794000000000000e+06 9.204794000000000000e+06 9.204794000000000000e+06 9.204794000000000000e+06 9.204794000000000000e+06 9.204794000000000000e+06 9.204794000000000000e+06 9.204794000000000000e+06 9.204794000000000000e+06 9.204794000000000000e+06
9.204772000000000000e+06 9.204772000000000000e+06 9.204772000000000000e+06 9.204772000000000000e+06 9.204772000000000000e+06 9.204772000000000000e+06 9.204772000000000000e+06 9.204772000000000000e+06 9.204772000000000000e+06 9.204772000000000000e+06 9.204772000000000000e+06 9.204772000000000000e+06 9.204772000000000000e+06 9.204772000000000000e+06 9.204772000000000000e+06 9.204772000000000000e+06 9.204772000000000000e+06 9.204772000000000000e+06 9.204772000000000000e+06
9.204735000000000000e+06 9.204735000000000000e+06 9.204735000000000000e+06 9.204735000000000000e+06 9.204735000000000000e+06 9.204735000000000000e+06 9.204735000000000000e+06 9.204735000000000000e+06 9.204735000000000000e+06 9.204735000000000000e+06 9.204735000000000000e+06 9.204735000000000000e+06 9.204735000000000000e+06 9.204735000000000000e+06 9.204735000000000000e+06 9.204735000000000000e+06 9.204735000000000000e+06 9.204735000000000000e+06 9.204735000000000000e+06
9.204721000000000000e+06 9.204721000000000000e+06 9.204721000000000000e+06 9.204721000000000000e+06 9.204721000000000000e+06 9.204721000000000000e+06 9.204721000000000000e+06 9.204721000000000000e+06 9.204721000000000000e+06 9.204721000000000000e+06 9.204721000000000000e+06 9.204721000000000000e+06 9.204721000000000000e+06 9.204721000000000000e+06 9.204721000000000000e+06 9.204721000000000000e+06 9.204721000000000000e+06 9.204721000000000000e+06 9.204721000000000000e+06
9.204703000000000000e+06 9.204703000000000000e+06 9.204703000000000000e+06 9.204703000000000000e+06 9.204703000000000000e+06 9.204703000000000000e+06 9.204703000000000000e+06 9.204703000000000000e+06 9.204703000000000000e+06 9.204703000000000000e+06 9.204703000000000000e+06 9.204703000000000000e+06 9.204703000000000000e+06 9.204703000000000000e+06 9.204703000000000000e+06 9.204703000000000000e+06 9.204703000000000000e+06 9.204703000000000000e+06 9.204703000000000000e+06
9.204685000000000000e+06 9.204685000000000000e+06 9.204685000000000000e+06 9.204685000000000000e+06 9.204685000000000000e+06 9.204685000000000000e+06 9.204685000000000000e+06 9.204685000000000000e+06 9.204685000000000000e+06 9.204685000000000000e+06 9.204685000000000000e+06 9.204685000000000000e+06 9.204685000000000000e+06 9.204685000000000000e+06 9.204685000000000000e+06 9.204685000000000000e+06 9.204685000000000000e+06 9.204685000000000000e+06 9.204685000000000000e+06
9.204672000000000000e+06 9.204672000000000000e+06 9.204672000000000000e+06 9.204672000000000000e+06 9.204672000000000000e+06 9.204672000000000000e+06 9.204672000000000000e+06 9.204672000000000000e+06 9.204672000000000000e+06 9.204672000000000000e+06 9.204672000000000000e+06 9.204672000000000000e+06 9.204672000000000000e+06 9.204672000000000000e+06 9.204672000000000000e+06 9.204672000000000000e+06 9.204672000000000000e+06 9.204672000000000000e+06 9.204672000000000000e+06
9.204658000000000000e+06 9.204658000000000000e+06 9.204658000000000000e+06 9.204658000000000000e+06 9.204658000000000000e+06 9.204658000000000000e+06 9.204658000000000000e+06 9.204658000000000000e+06 9.204658000000000000e+06 9.204658000000000000e+06 9.204658000000000000e+06 9.204658000000000000e+06 9.204658000000000000e+06 9.204658000000000000e+06 9.204658000000000000e+06 9.204658000000000000e+06 9.204658000000000000e+06 9.204658000000000000e+06 9.204658000000000000e+06
9.204644000000000000e+06 9.204644000000000000e+06 9.204644000000000000e+06 9.204644000000000000e+06 9.204644000000000000e+06 9.204644000000000000e+06 9.204644000000000000e+06 9.204644000000000000e+06 9.204644000000000000e+06 9.204644000000000000e+06 9.204644000000000000e+06 9.204644000000000000e+06 9.204644000000000000e+06 9.204644000000000000e+06 9.204644000000000000e+06 9.204644000000000000e+06 9.204644000000000000e+06 9.204644000000000000e+06 0.000000000000000000e+00
0.000000000000000000e+00 0.000000000000000000e+00 0.000000000000000000e+00 0.000000000000000000e+00 0.000000000000000000e+00 0.000000000000000000e+00 0.000000000000000000e+00 0.000000000000000000e+00 0.000000000000000000e+00 0.000000000000000000e+00 0.000000000000000000e+00 0.000000000000000000e+00 0.000000000000000000e+00 0.000000000000000000e+00 0.000000000000000000e+00 0.000000000000000000e+00 0.000000000000000000e+00 0.000000000000000000e+00 0.000000000000000000e+00
0.000000000000000000e+00 0.000000000000000000e+00 0.000000000000000000e+00 0.000000000000000000e+00 0.000000000000000000e+00 0.000000000000000000e+00 0.000000000000000000e+00 0.000000000000000000e+00 0.000000000000000000e+00 0.000000000000000000e+00 0.000000000000000000e+00 0.000000000000000000e+00 0.000000000000000000e+00 0.000000000000000000e+00 0.000000000000000000e+00 0.000000000000000000e+00 0.000000000000000000e+00 0.000000000000000000e+00 0.000000000000000000e+00
0.000000000000000000e+00 0.000000000000000000e+00 0.000000000000000000e+00 0.000000000000000000e+00 0.000000000000000000e+00 0.000000000000000000e+00 0.000000000000000000e+00 0.000000000000000000e+00 0.000000000000000000e+00 0.000000000000000000e+00 0.000000000000000000e+00 0.000000000000000000e+00 0.000000000000000000e+00 0.000000000000000000e+00 0.000000000000000000e+00 0.000000000000000000e+00 0.000000000000000000e+00 0.000000000000000000e+00 0.000000000000000000e+00
0.000000000000000000e+00 0.000000000000000000e+00 0.000000000000000000e+00 0.000000000000000000e+00 0.000000000000000000e+00 0.000000000000000000e+00 0.000000000000000000e+00 0.000000000000000000e+00 0.000000000000000000e+00 0.000000000000000000e+00 0.000000000000000000e+00 0.000000000000000000e+00 0.000000000000000000e+00 0.000000000000000000e+00 0.000000000000000000e+00 0.000000000000000000e+00 0.000000000000000000e+00 0.000000000000000000e+00 0.000000000000000000e+00
