9.807569000000000000e+06 9.807569000000000000e+06 9.807569000000000000e+06 9.807569000000000000e+06 9.807569000000000000e+06 9.807569000000000000e+06 9.807569000000000000e+06 9.807569000000000000e+06 9.807569000000000000e+06 9.807569000000000000e+06 9.807569000000000000e+06 9.807569000000000000e+06 9.807569000000000000e+06 9.807569000000000000e+06 9.807569000000000000e+06 9.807569000000000000e+06 9.807569000000000000e+06 9.807569000000000000e+06 9.807569000000000000e+06
9.800792000000000000e+06 9.800792000000000000e+06 9.800792000000000000e+06 9.800792000000000000e+06 9.800792000000000000e+06 9.800792000000000000e+06 9.800792000000000000e+06 9.800792000000000000e+06 9.800792000000000000e+06 9.800792000000000000e+06 9.800792000000000000e+06 9.800792000000000000e+06 9.800792000000000000e+06 9.800792000000000000e+06 9.800792000000000000e+06 9.800792000000000000e+06 9.800792000000000000e+06 9.800792000000000000e+06 9.800792000000000000e+06
9.800561000000000000e+06 9.800561000000000000e+06 9.800561000000000000e+06 9.800561000000000000e+06 9.800561000000000000e+06 9.800561000000000000e+06 9.800561000000000000e+06 9.800561000000000000e+06 9.800561000000000000e+06 9.800561000000000000e+06 9.800561000000000000e+06 9.800561000000000000e+06 9.800561000000000000e+06 9.800561000000000000e+06 9.800561000000000000e+06 9.800561000000000000e+06 9.800561000000000000e+06 9.800561000000000000e+06 9.800561000000000000e+06
9.800526000000000000e+06 9.800526000000000000e+06 9.800526000000000000e+06 9.800526000000000000e+06 9.800526000000000000e+06 9.800526000000000000e+06 9.800526000000000000e+06 9.800526000000000000e+06 9.800526000000000000e+06 9.800526000000000000e+06 9.800526000000000000e+06 9.800526000000000000e+06 9.800526000000000000e+06 9.800526000000000000e+06 9.800526000000000000e+06 9.800526000000000000e+06 9.800526000000000000e+06 9.800526000000000000e+06 9.800526000000000000e+06
9.800487000000000000e+06 9.800487000000000000e+06 9.800487000000000000e+06 9.800487000000000000e+06 9.800487000000000000e+06 9.800487000000000000e+06 9.800487000000000000e+06 9.800487000000000000e+06 9.800487000000000000e+06 9.800487000000000000e+06 9.800487000000000000e+06 9.800487000000000000e+06 9.800487000000000000e+06 9.800487000000000000e+06 9.800487000000000000e+06 9.800487000000000000e+06 9.800487000000000000e+06 9.800487000000000000e+06 9.800487000000000000e+06
9.800460000000000000e+06 9.800460000000000000e+06 9.800460000000000000e+06 9.800460000000000000e+06 9.800460000000000000e+06 9.800460000000000000e+06 9.800460000000000000e+06 9.800460000000000000e+06 9.800460000000000000e+06 9.800460000000000000e+06 9.800460000000000000e+06 9.800460000000000000e+06 9.800460000000000000e+06 9.800460000000000000e+06 9.800460000000000000e+06 9.800460000000000000e+06 9.800460000000000000e+06 9.800460000000000000e+06 9.800460000000000000e+06
9.800440000000000000e+06 9.800440000000000000e+06 9.800440000000000000e+06 9.800440000000000000e+06 9.800440000000000000e+06 9.800440000000000000e+06 9.800440000000000000e+06 9.800440000000000000e+06 9.800440000000000000e+06 9.800440000000000000e+06 9.800440000000000000e+06 9.800440000000000000e+06 9.800440000000000000e+06 9.800440000000000000e+06 9.800440000000000000e+06 9.800440000000000000e+06 9.800440000000000000e+06 9.800440000000000000e+06 9.800440000000000000e+06
9.800420000000000000e+06 9.800420000000000000e+06 9.800420000000000000e+06 9.800420000000000000e+06 9.800420000000000000e+06 9.800420000000000000e+06 9.800420000000000000e+06 9.800420000000000000e+06 9.800420000000000000e+06 9.800420000000000000e+06 9.800420000000000000e+06 9.800420000000000000e+06 9.800420000000000000e+06 9.800420000000000000e+06 9.800420000000000000e+06 9.800420000000000000e+06 9.800420000000000000e+06 9.800420000000000000e+06 9.800420000000000000e+06
9.800387000000000000e+06 9.800387000000000000e+06 9.800387000000000000e+06 9.800387000000000000e+06 9.800387000000000000e+06 9.800387000000000000e+06 9.800387000000000000e+06 9.800387000000000000e+06 9.800387000000000000e+06 9.800387000000000000e+06 9.800387000000000000e+06 9.800387000000000000e+06 9.800387000000000000e+06 9.800387000000000000e+06 9.800387000000000000e+06 9.800387000000000000e+06 9.800387000000000000e+06 9.800387000000000000e+06 9.800387000000000000e+06
9.800370000000000000e+06 9.800370000000000000e+06 9.800370000000000000e+06 9.800370000000000000e+06 9.800370000000000000e+06 9.800370000000000000e+06 9.800370000000000000e+06 9.800370000000000000e+06 9.800370000000000000e+06 9.800370000000000000e+06 9.800370000000000000e+06 9.800370000000000000e+06 9.800370000000000000e+06 9.800370000000000000e+06 9.800370000000000000e+06 9.800370000000000000e+06 9.800370000000000000e+06 9.800370000000000000e+06 9.800370000000000000e+06
9.800348000000000000e+06 9.800348000000000000e+06 9.800348000000000000e+06 9.800348000000000000e+06 9.800348000000000000e+06 9.800348000000000000e+06 9.800348000000000000e+06 9.800348000000000000e+06 9.800348000000000000e+06 9.800348000000000000e+06 9.800348000000000000e+06 9.800348000000000000e+06 9.800348000000000000e+06 9.800348000000000000e+06 9.800348000000000000e+06 9.800348000000000000e+06 9.800348000000000000e+06 9.800348000000000000e+06 9.800348000000000000e+06
9.800333000000000000e+06 9.800333000000000000e+06 9.800333000000000000e+06 9.800333000000000000e+06 9.800333000000000000e+06 9.800333000000000000e+06 9.800333000000000000e+06 9.800333000000000000e+06 9.800333000000000000e+06 9.800333000000000000e+06 9.800333000000000000e+06 9.800333000000000000e+06 9.800333000000000000e+06 9.800333000000000000e+06 9.800333000000000000e+06 9.800333000000000000e+06 9.800333000000000000e+06 9.800333000000000000e+06 9.800333000000000000e+06
9.800322000000000000e+06 9.800322000000000000e+06 9.800322000000000000e+06 9.800322000000000000e+06 9.800322000000000000e+06 9.800322000000000000e+06 9.800322000000000000e+06 9.800322000000000000e+06 9.800322000000000000e+06 9.800322000000000000e+06 9.800322000000000000e+06 9.800322000000000000e+06 9.800322000000000000e+06 9.800322000000000000e+06 9.800322000000000000e+06 9.800322000000000000e+06 9.800322000000000000e+06 9.800322000000000000e+06 9.800322000000000000e+06
9.800300000000000000e+06 9.800300000000000000e+06 9.800300000000000000e+06 9.800300000000000000e+06 9.800300000000000000e+06 9.800300000000000000e+06 9.800300000000000000e+06 9.800300000000000000e+06 9.800300000000000000e+06 9.800300000000000000e+06 9.800300000000000000e+06 9.800300000000000000e+06 9.800300000000000000e+06 9.800300000000000000e+06 9.800300000000000000e+06 9.800300000000000000e+06 9.800300000000000000e+06 9.800300000000000000e+06 9.800300000000000000e+06
9.800290000000000000e+06 9.800290000000000000e+06 9.800290000000000000e+06 9.800290000000000000e+06 9.800290000000000000e+06 9.800290000000000000e+06 9.800290000000000000e+06 9.800290000000000000e+06 9.800290000000000000e+06 9.800290000000000000e+06 9.800290000000000000e+06 9.800290000000000000e+06 9.800290000000000000e+06 9.800290000000000000e+06 9.800290000000000000e+06 9.800290000000000000e+06 9.800290000000000000e+06 9.800290000000000000e+06 9.800290000000000000e+06
9.800278000000000000e+06 9.800278000000000000e+06 9.800278000000000000e+06 9.800278000000000000e+06 9.800278000000000000e+06 9.800278000000000000e+06 9.800278000000000000e+06 9.800278000000000000e+06 9.800278000000000000e+06 9.800278000000000000e+06 9.800278000000000000e+06 9.800278000000000000e+06 9.800278000000000000e+06 9.800278000000000000e+06 9.800278000000000000e+06 9.800278000000000000e+06 9.800278000000000000e+06 9.800278000000000000e+06 9.800278000000000000e+06
9.800232000000000000e+06 9.800232000000000000e+06 9.800232000000000000e+06 9.800232000000000000e+06 9.800232000000000000e+06 9.800232000000000000e+06 9.800232000000000000e+06 9.800232000000000000e+06 9.800232000000000000e+06 9.800232000000000000e+06 9.800232000000000000e+06 9.800232000000000000e+06 9.800232000000000000e+06 9.800232000000000000e+06 9.800232000000000000e+06 9.800232000000000000e+06 0.000000000000000000e+00 0.000000000000000000e+00 0.000000000000000000e+00
0.000000000000000000e+00 0.000000000000000000e+00 0.000000000000000000e+00 0.000000000000000000e+00 0.000000000000000000e+00 0.000000000000000000e+00 0.000000000000000000e+00 0.000000000000000000e+00 0.000000000000000000e+00 0.000000000000000000e+00 0.000000000000000000e+00 0.000000000000000000e+00 0.000000000000000000e+00 0.000000000000000000e+00 0.000000000000000000e+00 0.000000000000000000e+00 0.000000000000000000e+00 0.000000000000000000e+00 0.000000000000000000e+00
0.000000000000000000e+00 0.000000000000000000e+00 0.000000000000000000e+00 0.000000000000000000e+00 0.000000000000000000e+00 0.000000000000000000e+00 0.000000000000000000e+00 0.000000000000000000e+00 0.000000000000000000e+00 0.000000000000000000e+00 0.000000000000000000e+00 0.000000000000000000e+00 0.000000000000000000e+00 0.000000000000000000e+00 0.000000000000000000e+00 0.000000000000000000e+00 0.000000000000000000e+00 0.000000000000000000e+00 0.000000000000000000e+00
