9.735732000000000000e+06 9.735732000000000000e+06 9.735732000000000000e+06 9.735732000000000000e+06 9.735732000000000000e+06 9.735732000000000000e+06 9.735732000000000000e+06 9.735732000000000000e+06 9.735732000000000000e+06 9.735732000000000000e+06 9.735732000000000000e+06 9.735732000000000000e+06 9.735732000000000000e+06 9.735732000000000000e+06 9.735732000000000000e+06 9.735732000000000000e+06 9.735732000000000000e+06 9.735732000000000000e+06 9.735732000000000000e+06
9.724249000000000000e+06 9.724249000000000000e+06 9.724249000000000000e+06 9.724249000000000000e+06 9.724249000000000000e+06 9.724249000000000000e+06 9.724249000000000000e+06 9.724249000000000000e+06 9.724249000000000000e+06 9.724249000000000000e+06 9.724249000000000000e+06 9.724249000000000000e+06 9.724249000000000000e+06 9.724249000000000000e+06 9.724249000000000000e+06 9.724249000000000000e+06 9.724249000000000000e+06 9.724249000000000000e+06 9.724249000000000000e+06
9.723761000000000000e+06 9.723761000000000000e+06 9.723761000000000000e+06 9.723761000000000000e+06 9.723761000000000000e+06 9.723761000000000000e+06 9.723761000000000000e+06 9.723761000000000000e+06 9.723761000000000000e+06 9.723761000000000000e+06 9.723761000000000000e+06 9.723761000000000000e+06 9.723761000000000000e+06 9.723761000000000000e+06 9.723761000000000000e+06 9.723761000000000000e+06 9.723761000000000000e+06 9.723761000000000000e+06 9.723761000000000000e+06
9.723676000000000000e+06 9.723676000000000000e+06 9.723676000000000000e+06 9.723676000000000000e+06 9.723676000000000000e+06 9.723676000000000000e+06 9.723676000000000000e+06 9.723676000000000000e+06 9.723676000000000000e+06 9.723676000000000000e+06 9.723676000000000000e+06 9.723676000000000000e+06 9.723676000000000000e+06 9.723676000000000000e+06 9.723676000000000000e+06 9.723676000000000000e+06 9.723676000000000000e+06 9.723676000000000000e+06 9.723676000000000000e+06
9.723636000000000000e+06 9.723636000000000000e+06 9.723636000000000000e+06 9.723636000000000000e+06 9.723636000000000000e+06 9.723636000000000000e+06 9.723636000000000000e+06 9.723636000000000000e+06 9.723636000000000000e+06 9.723636000000000000e+06 9.723636000000000000e+06 9.723636000000000000e+06 9.723636000000000000e+06 9.723636000000000000e+06 9.723636000000000000e+06 9.723636000000000000e+06 9.723636000000000000e+06 9.723636000000000000e+06 9.723636000000000000e+06
9.723593000000000000e+06 9.723593000000000000e+06 9.723593000000000000e+06 9.723593000000000000e+06 9.723593000000000000e+06 9.723593000000000000e+06 9.723593000000000000e+06 9.723593000000000000e+06 9.723593000000000000e+06 9.723593000000000000e+06 9.723593000000000000e+06 9.723593000000000000e+06 9.723593000000000000e+06 9.723593000000000000e+06 9.723593000000000000e+06 9.723593000000000000e+06 9.723593000000000000e+06 9.723593000000000000e+06 9.723593000000000000e+06
9.723575000000000000e+06 9.723575000000000000e+06 9.723575000000000000e+06 9.723575000000000000e+06 9.723575000000000000e+06 9.723575000000000000e+06 9.723575000000000000e+06 9.723575000000000000e+06 9.723575000000000000e+06 9.723575000000000000e+06 9.723575000000000000e+06 9.723575000000000000e+06 9.723575000000000000e+06 9.723575000000000000e+06 9.723575000000000000e+06 9.723575000000000000e+06 9.723575000000000000e+06 9.723575000000000000e+06 9.723575000000000000e+06
9.723553000000000000e+06 9.723553000000000000e+06 9.723553000000000000e+06 9.723553000000000000e+06 9.723553000000000000e+06 9.723553000000000000e+06 9.723553000000000000e+06 9.723553000000000000e+06 9.723553000000000000e+06 9.723553000000000000e+06 9.723553000000000000e+06 9.723553000000000000e+06 9.723553000000000000e+06 9.723553000000000000e+06 9.723553000000000000e+06 9.723553000000000000e+06 9.723553000000000000e+06 9.723553000000000000e+06 9.723553000000000000e+06
9.723520000000000000e+06 9.723520000000000000e+06 9.723520000000000000e+06 9.723520000000000000e+06 9.723520000000000000e+06 9.723520000000000000e+06 9.723520000000000000e+06 9.723520000000000000e+06 9.723520000000000000e+06 9.723520000000000000e+06 9.723520000000000000e+06 9.723520000000000000e+06 9.723520000000000000e+06 9.723520000000000000e+06 9.723520000000000000e+06 9.723520000000000000e+06 9.723520000000000000e+06 9.723520000000000000e+06 9.723520000000000000e+06
9.723506000000000000e+06 9.723506000000000000e+06 9.723506000000000000e+06 9.723506000000000000e+06 9.723506000000000000e+06 9.723506000000000000e+06 9.723506000000000000e+06 9.723506000000000000e+06 9.723506000000000000e+06 9.723506000000000000e+06 9.723506000000000000e+06 9.723506000000000000e+06 9.723506000000000000e+06 9.723506000000000000e+06 9.723506000000000000e+06 9.723506000000000000e+06 9.723506000000000000e+06 9.723506000000000000e+06 9.723506000000000000e+06
9.723488000000000000e+06 9.723488000000000000e+06 9.723488000000000000e+06 9.723488000000000000e+06 9.723488000000000000e+06 9.723488000000000000e+06 9.723488000000000000e+06 9.723488000000000000e+06 9.723488000000000000e+06 9.723488000000000000e+06 9.723488000000000000e+06 9.723488000000000000e+06 9.723488000000000000e+06 9.723488000000000000e+06 9.723488000000000000e+06 9.723488000000000000e+06 9.723488000000000000e+06 9.723488000000000000e+06 9.723488000000000000e+06
9.723468000000000000e+06 9.723468000000000000e+06 9.723468000000000000e+06 9.723468000000000000e+06 9.723468000000000000e+06 9.723468000000000000e+06 9.723468000000000000e+06 9.723468000000000000e+06 9.723468000000000000e+06 9.723468000000000000e+06 9.723468000000000000e+06 9.723468000000000000e+06 9.723468000000000000e+06 9.723468000000000000e+06 9.723468000000000000e+06 9.723468000000000000e+06 9.723468000000000000e+06 9.723468000000000000e+06 9.723468000000000000e+06
9.723459000000000000e+06 9.723459000000000000e+06 9.723459000000000000e+06 9.723459000000000000e+06 9.723459000000000000e+06 9.723459000000000000e+06 9.723459000000000000e+06 9.723459000000000000e+06 9.723459000000000000e+06 9.723459000000000000e+06 9.723459000000000000e+06 9.723459000000000000e+06 9.723459000000000000e+06 9.723459000000000000e+06 9.723459000000000000e+06 9.723459000000000000e+06 9.723459000000000000e+06 9.723459000000000000e+06 9.723459000000000000e+06
9.723441000000000000e+06 9.723441000000000000e+06 9.723441000000000000e+06 9.723441000000000000e+06 9.723441000000000000e+06 9.723441000000000000e+06 9.723441000000000000e+06 9.723441000000000000e+06 9.723441000000000000e+06 9.723441000000000000e+06 9.723441000000000000e+06 9.723441000000000000e+06 9.723441000000000000e+06 9.723441000000000000e+06 9.723441000000000000e+06 9.723441000000000000e+06 9.723441000000000000e+06 9.723441000000000000e+06 9.723441000000000000e+06
9.723426000000000000e+06 9.723426000000000000e+06 9.723426000000000000e+06 9.723426000000000000e+06 9.723426000000000000e+06 9.723426000000000000e+06 9.723426000000000000e+06 0.000000000000000000e+00 0.000000000000000000e+00 0.000000000000000000e+00 0.000000000000000000e+00 0.000000000000000000e+00 0.000000000000000000e+00 0.000000000000000000e+00 0.000000000000000000e+00 0.000000000000000000e+00 0.000000000000000000e+00 0.000000000000000000e+00 0.000000000000000000e+00
0.000000000000000000e+00 0.000000000000000000e+00 0.000000000000000000e+00 0.000000000000000000e+00 0.000000000000000000e+00 0.000000000000000000e+00 0.000000000000000000e+00 0.000000000000000000e+00 0.000000000000000000e+00 0.000000000000000000e+00 0.000000000000000000e+00 0.000000000000000000e+00 0.000000000000000000e+00 0.000000000000000000e+00 0.000000000000000000e+00 0.000000000000000000e+00 0.000000000000000000e+00 0.000000000000000000e+00 0.000000000000000000e+00
0.000000000000000000e+00 0.000000000000000000e+00 0.000000000000000000e+00 0.000000000000000000e+00 0.000000000000000000e+00 0.000000000000000000e+00 0.000000000000000000e+00 0.000000000000000000e+00 0.000000000000000000e+00 0.000000000000000000e+00 0.000000000000000000e+00 0.000000000000000000e+00 0.000000000000000000e+00 0.000000000000000000e+00 0.000000000000000000e+00 0.000000000000000000e+00 0.000000000000000000e+00 0.000000000000000000e+00 0.000000000000000000e+00
0.000000000000000000e+00 0.000000000000000000e+00 0.000000000000000000e+00 0.000000000000000000e+00 0.000000000000000000e+00 0.000000000000000000e+00 0.000000000000000000e+00 0.000000000000000000e+00 0.000000000000000000e+00 0.000000000000000000e+00 0.000000000000000000e+00 0.000000000000000000e+00 0.000000000000000000e+00 0.000000000000000000e+00 0.000000000000000000e+00 0.000000000000000000e+00 0.000000000000000000e+00 0.000000000000000000e+00 0.000000000000000000e+00
0.000000000000000000e+00 0.000000000000000000e+00 0.000000000000000000e+00 0.000000000000000000e+00 0.000000000000000000e+00 0.000000000000000000e+00 0.000000000000000000e+00 0.000000000000000000e+00 0.000000000000000000e+00 0.000000000000000000e+00 0.000000000000000000e+00 0.000000000000000000e+00 0.000000000000000000e+00 0.000000000000000000e+00 0.000000000000000000e+00 0.000000000000000000e+00 0.000000000000000000e+00 0.000000000000000000e+00 0.000000000000000000e+00
