9.807569000000000000e+06 9.807569000000000000e+06 9.807569000000000000e+06 9.807569000000000000e+06 9.807569000000000000e+06 9.807569000000000000e+06 9.807569000000000000e+06 9.807569000000000000e+06 9.807569000000000000e+06 9.807569000000000000e+06 9.807569000000000000e+06 9.807569000000000000e+06 9.807569000000000000e+06 9.807569000000000000e+06 9.807569000000000000e+06 9.807569000000000000e+06 9.807569000000000000e+06 9.807569000000000000e+06 9.807569000000000000e+06
9.800792000000000000e+06 9.800792000000000000e+06 9.800792000000000000e+06 9.800792000000000000e+06 9.800792000000000000e+06 9.800792000000000000e+06 9.800792000000000000e+06 9.800792000000000000e+06 9.800792000000000000e+06 9.800792000000000000e+06 9.800792000000000000e+06 9.800792000000000000e+06 9.800792000000000000e+06 9.800792000000000000e+06 9.800792000000000000e+06 9.800792000000000000e+06 9.800792000000000000e+06 9.800792000000000000e+06 9.800792000000000000e+06
9.800561000000000000e+06 9.800561000000000000e+06 9.800561000000000000e+06 9.800561000000000000e+06 9.800561000000000000e+06 9.800561000000000000e+06 9.800561000000000000e+06 9.800561000000000000e+06 9.800561000000000000e+06 9.800561000000000000e+06 9.800561000000000000e+06 9.800561000000000000e+06 9.800561000000000000e+06 9.800561000000000000e+06 9.800561000000000000e+06 9.800561000000000000e+06 9.800561000000000000e+06 9.800561000000000000e+06 9.800561000000000000e+06
9.800526000000000000e+06 9.800526000000000000e+06 9.800526000000000000e+06 9.800526000000000000e+06 9.800526000000000000e+06 9.800526000000000000e+06 9.800526000000000000e+06 9.800526000000000000e+06 9.800526000000000000e+06 9.800526000000000000e+06 9.800526000000000000e+06 9.800526000000000000e+06 9.800526000000000000e+06 9.800526000000000000e+06 9.800526000000000000e+06 9.800526000000000000e+06 9.800526000000000000e+06 9.800526000000000000e+06 9.800526000000000000e+06
9.800487000000000000e+06 9.800487000000000000e+06 9.800487000000000000e+06 9.800487000000000000e+06 9.800487000000000000e+06 9.800487000000000000e+06 9.800487000000000000e+06 9.800487000000000000e+06 9.800487000000000000e+06 9.800487000000000000e+06 9.800487000000000000e+06 9.800487000000000000e+06 9.800487000000000000e+06 9.800487000000000000e+06 9.800487000000000000e+06 9.800487000000000000e+06 9.800487000000000000e+06 9.800487000000000000e+06 9.800487000000000000e+06
9.800460000000000000e+06 9.800460000000000000e+06 9.800460000000000000e+06 9.800460000000000000e+06 9.800460000000000000e+06 9.800460000000000000e+06 9.800460000000000000e+06 9.800460000000000000e+06 9.800460000000000000e+06 9.800460000000000000e+06 9.800460000000000000e+06 9.800460000000000000e+06 9.800460000000000000e+06 9.800460000000000000e+06 9.800460000000000000e+06 9.800460000000000000e+06 9.800460000000000000e+06 9.800460000000000000e+06 9.800460000000000000e+06
9.800440000000000000e+06 9.800440000000000000e+06 9.800440000000000000e+06 9.800440000000000000e+06 9.800440000000000000e+06 0.000000000000000000e+00 0.000000000000000000e+00 0.000000000000000000e+00 0.000000000000000000e+00 0.000000000000000000e+00 0.000000000000000000e+00 0.000000000000000000e+00 0.000000000000000000e+00 0.000000000000000000e+00 0.000000000000000000e+00 0.000000000000000000e+00 0.000000000000000000e+00 0.000000000000000000e+00 0.000000000000000000e+00
0.000000000000000000e+00 0.000000000000000000e+00 0.000000000000000000e+00 0.000000000000000000e+00 0.000000000000000000e+00 0.000000000000000000e+00 0.000000000000000000e+00 0.000000000000000000e+00 0.000000000000000000e+00 0.000000000000000000e+00 0.000000000000000000e+00 0.000000000000000000e+00 0.000000000000000000e+00 0.000000000000000000e+00 0.000000000000000000e+00 0.000000000000000000e+00 0.000000000000000000e+00 0.000000000000000000e+00 0.000000000000000000e+00
0.000000000000000000e+00 0.000000000000000000e+00 0.000000000000000000e+00 0.000000000000000000e+00 0.000000000000000000e+00 0.000000000000000000e+00 0.000000000000000000e+00 0.000000000000000000e+00 0.000000000000000000e+00 0.000000000000000000e+00 0.000000000000000000e+00 0.000000000000000000e+00 0.000000000000000000e+00 0.000000000000000000e+00 0.000000000000000000e+00 0.000000000000000000e+00 0.000000000000000000e+00 0.000000000000000000e+00 0.000000000000000000e+00
0.000000000000000000e+00 0.000000000000000000e+00 0.000000000000000000e+00 0.000000000000000000e+00 0.000000000000000000e+00 0.000000000000000000e+00 0.000000000000000000e+00 0.000000000000000000e+00 0.000000000000000000e+00 0.000000000000000000e+00 0.000000000000000000e+00 0.000000000000000000e+00 0.000000000000000000e+00 0.000000000000000000e+00 0.000000000000000000e+00 0.000000000000000000e+00 0.000000000000000000e+00 0.000000000000000000e+00 0.000000000000000000e+00
0.000000000000000000e+00 0.000000000000000000e+00 0.000000000000000000e+00 0.000000000000000000e+00 0.000000000000000000e+00 0.000000000000000000e+00 0.000000000000000000e+00 0.000000000000000000e+00 0.000000000000000000e+00 0.000000000000000000e+00 0.000000000000000000e+00 0.000000000000000000e+00 0.000000000000000000e+00 0.000000000000000000e+00 0.000000000000000000e+00 0.000000000000000000e+00 0.000000000000000000e+00 0.000000000000000000e+00 0.000000000000000000e+00
0.000000000000000000e+00 0.000000000000000000e+00 0.000000000000000000e+00 0.000000000000000000e+00 0.000000000000000000e+00 0.000000000000000000e+00 0.000000000000000000e+00 0.000000000000000000e+00 0.000000000000000000e+00 0.000000000000000000e+00 0.000000000000000000e+00 0.000000000000000000e+00 0.000000000000000000e+00 0.000000000000000000e+00 0.000000000000000000e+00 0.000000000000000000e+00 0.000000000000000000e+00 0.000000000000000000e+00 0.000000000000000000e+00
0.000000000000000000e+00 0.000000000000000000e+00 0.000000000000000000e+00 0.000000000000000000e+00 0.000000000000000000e+00 0.000000000000000000e+00 0.000000000000000000e+00 0.000000000000000000e+00 0.000000000000000000e+00 0.000000000000000000e+00 0.000000000000000000e+00 0.000000000000000000e+00 0.000000000000000000e+00 0.000000000000000000e+00 0.000000000000000000e+00 0.000000000000000000e+00 0.000000000000000000e+00 0.000000000000000000e+00 0.000000000000000000e+00
0.000000000000000000e+00 0.000000000000000000e+00 0.000000000000000000e+00 0.000000000000000000e+00 0.000000000000000000e+00 0.000000000000000000e+00 0.000000000000000000e+00 0.000000000000000000e+00 0.000000000000000000e+00 0.000000000000000000e+00 0.000000000000000000e+00 0.000000000000000000e+00 0.000000000000000000e+00 0.000000000000000000e+00 0.000000000000000000e+00 0.000000000000000000e+00 0.000000000000000000e+00 0.000000000000000000e+00 0.000000000000000000e+00
0.000000000000000000e+00 0.000000000000000000e+00 0.000000000000000000e+00 0.000000000000000000e+00 0.000000000000000000e+00 0.000000000000000000e+00 0.000000000000000000e+00 0.000000000000000000e+00 0.000000000000000000e+00 0.000000000000000000e+00 0.000000000000000000e+00 0.000000000000000000e+00 0.000000000000000000e+00 0.000000000000000000e+00 0.000000000000000000e+00 0.000000000000000000e+00 0.000000000000000000e+00 0.000000000000000000e+00 0.000000000000000000e+00
0.000000000000000000e+00 0.000000000000000000e+00 0.000000000000000000e+00 0.000000000000000000e+00 0.000000000000000000e+00 0.000000000000000000e+00 0.000000000000000000e+00 0.000000000000000000e+00 0.000000000000000000e+00 0.000000000000000000e+00 0.000000000000000000e+00 0.000000000000000000e+00 0.000000000000000000e+00 0.000000000000000000e+00 0.000000000000000000e+00 0.000000000000000000e+00 0.000000000000000000e+00 0.000000000000000000e+00 0.000000000000000000e+00
0.000000000000000000e+00 0.000000000000000000e+00 0.000000000000000000e+00 0.000000000000000000e+00 0.000000000000000000e+00 0.000000000000000000e+00 0.000000000000000000e+00 0.000000000000000000e+00 0.000000000000000000e+00 0.000000000000000000e+00 0.000000000000000000e+00 0.000000000000000000e+00 0.000000000000000000e+00 0.000000000000000000e+00 0.000000000000000000e+00 0.000000000000000000e+00 0.000000000000000000e+00 0.000000000000000000e+00 0.000000000000000000e+00
0.000000000000000000e+00 0.000000000000000000e+00 0.000000000000000000e+00 0.000000000000000000e+00 0.000000000000000000e+00 0.000000000000000000e+00 0.000000000000000000e+00 0.000000000000000000e+00 0.000000000000000000e+00 0.000000000000000000e+00 0.000000000000000000e+00 0.000000000000000000e+00 0.000000000000000000e+00 0.000000000000000000e+00 0.000000000000000000e+00 0.000000000000000000e+00 0.000000000000000000e+00 0.000000000000000000e+00 0.000000000000000000e+00
0.000000000000000000e+00 0.000000000000000000e+00 0.000000000000000000e+00 0.000000000000000000e+00 0.000000000000000000e+00 0.000000000000000000e+00 0.000000000000000000e+00 0.000000000000000000e+00 0.000000000000000000e+00 0.000000000000000000e+00 0.000000000000000000e+00 0.000000000000000000e+00 0.000000000000000000e+00 0.000000000000000000e+00 0.000000000000000000e+00 0.000000000000000000e+00 0.000000000000000000e+00 0.000000000000000000e+00 0.000000000000000000e+00
