9.797443000000000000e+06 9.797443000000000000e+06 9.797443000000000000e+06 9.797443000000000000e+06 9.797443000000000000e+06 9.797443000000000000e+06 9.797443000000000000e+06 9.797443000000000000e+06 9.797443000000000000e+06 9.797443000000000000e+06 9.797443000000000000e+06 9.797443000000000000e+06 9.797443000000000000e+06 9.797443000000000000e+06 9.797443000000000000e+06 9.797443000000000000e+06 9.797443000000000000e+06 9.797443000000000000e+06 9.797443000000000000e+06
9.790443000000000000e+06 9.790443000000000000e+06 9.790443000000000000e+06 9.790443000000000000e+06 9.790443000000000000e+06 9.790443000000000000e+06 9.790443000000000000e+06 9.790443000000000000e+06 9.790443000000000000e+06 9.790443000000000000e+06 9.790443000000000000e+06 9.790443000000000000e+06 9.790443000000000000e+06 9.790443000000000000e+06 9.790443000000000000e+06 9.790443000000000000e+06 9.790443000000000000e+06 9.790443000000000000e+06 9.790443000000000000e+06
9.790176000000000000e+06 9.790176000000000000e+06 9.790176000000000000e+06 9.790176000000000000e+06 9.790176000000000000e+06 9.790176000000000000e+06 9.790176000000000000e+06 9.790176000000000000e+06 9.790176000000000000e+06 9.790176000000000000e+06 9.790176000000000000e+06 9.790176000000000000e+06 9.790176000000000000e+06 9.790176000000000000e+06 9.790176000000000000e+06 9.790176000000000000e+06 9.790176000000000000e+06 9.790176000000000000e+06 9.790176000000000000e+06
9.790122000000000000e+06 9.790122000000000000e+06 9.790122000000000000e+06 9.790122000000000000e+06 9.790122000000000000e+06 9.790122000000000000e+06 9.790122000000000000e+06 9.790122000000000000e+06 9.790122000000000000e+06 9.790122000000000000e+06 9.790122000000000000e+06 9.790122000000000000e+06 9.790122000000000000e+06 9.790122000000000000e+06 9.790122000000000000e+06 9.790122000000000000e+06 9.790122000000000000e+06 9.790122000000000000e+06 9.790122000000000000e+06
9.790086000000000000e+06 9.790086000000000000e+06 9.790086000000000000e+06 9.790086000000000000e+06 9.790086000000000000e+06 9.790086000000000000e+06 9.790086000000000000e+06 9.790086000000000000e+06 9.790086000000000000e+06 9.790086000000000000e+06 9.790086000000000000e+06 9.790086000000000000e+06 9.790086000000000000e+06 9.790086000000000000e+06 9.790086000000000000e+06 9.790086000000000000e+06 9.790086000000000000e+06 9.790086000000000000e+06 9.790086000000000000e+06
9.790053000000000000e+06 9.790053000000000000e+06 9.790053000000000000e+06 9.790053000000000000e+06 9.790053000000000000e+06 9.790053000000000000e+06 9.790053000000000000e+06 9.790053000000000000e+06 9.790053000000000000e+06 9.790053000000000000e+06 9.790053000000000000e+06 9.790053000000000000e+06 9.790053000000000000e+06 9.790053000000000000e+06 9.790053000000000000e+06 9.790053000000000000e+06 9.790053000000000000e+06 9.790053000000000000e+06 9.790053000000000000e+06
9.790033000000000000e+06 9.790033000000000000e+06 9.790033000000000000e+06 9.790033000000000000e+06 9.790033000000000000e+06 9.790033000000000000e+06 9.790033000000000000e+06 9.790033000000000000e+06 9.790033000000000000e+06 9.790033000000000000e+06 9.790033000000000000e+06 9.790033000000000000e+06 9.790033000000000000e+06 9.790033000000000000e+06 9.790033000000000000e+06 9.790033000000000000e+06 9.790033000000000000e+06 9.790033000000000000e+06 9.790033000000000000e+06
9.790013000000000000e+06 9.790013000000000000e+06 9.790013000000000000e+06 9.790013000000000000e+06 9.790013000000000000e+06 9.790013000000000000e+06 9.790013000000000000e+06 9.790013000000000000e+06 9.790013000000000000e+06 9.790013000000000000e+06 9.790013000000000000e+06 9.790013000000000000e+06 9.790013000000000000e+06 9.790013000000000000e+06 9.790013000000000000e+06 9.790013000000000000e+06 9.790013000000000000e+06 9.790013000000000000e+06 9.790013000000000000e+06
9.789980000000000000e+06 9.789980000000000000e+06 9.789980000000000000e+06 9.789980000000000000e+06 9.789980000000000000e+06 9.789980000000000000e+06 9.789980000000000000e+06 9.789980000000000000e+06 9.789980000000000000e+06 9.789980000000000000e+06 9.789980000000000000e+06 9.789980000000000000e+06 9.789980000000000000e+06 9.789980000000000000e+06 0.000000000000000000e+00 0.000000000000000000e+00 0.000000000000000000e+00 0.000000000000000000e+00 0.000000000000000000e+00
0.000000000000000000e+00 0.000000000000000000e+00 0.000000000000000000e+00 0.000000000000000000e+00 0.000000000000000000e+00 0.000000000000000000e+00 0.000000000000000000e+00 0.000000000000000000e+00 0.000000000000000000e+00 0.000000000000000000e+00 0.000000000000000000e+00 0.000000000000000000e+00 0.000000000000000000e+00 0.000000000000000000e+00 0.000000000000000000e+00 0.000000000000000000e+00 0.000000000000000000e+00 0.000000000000000000e+00 0.000000000000000000e+00
0.000000000000000000e+00 0.000000000000000000e+00 0.000000000000000000e+00 0.000000000000000000e+00 0.000000000000000000e+00 0.000000000000000000e+00 0.000000000000000000e+00 0.000000000000000000e+00 0.000000000000000000e+00 0.000000000000000000e+00 0.000000000000000000e+00 0.000000000000000000e+00 0.000000000000000000e+00 0.000000000000000000e+00 0.000000000000000000e+00 0.000000000000000000e+00 0.000000000000000000e+00 0.000000000000000000e+00 0.000000000000000000e+00
0.000000000000000000e+00 0.000000000000000000e+00 0.000000000000000000e+00 0.000000000000000000e+00 0.000000000000000000e+00 0.000000000000000000e+00 0.000000000000000000e+00 0.000000000000000000e+00 0.000000000000000000e+00 0.000000000000000000e+00 0.000000000000000000e+00 0.000000000000000000e+00 0.000000000000000000e+00 0.000000000000000000e+00 0.000000000000000000e+00 0.000000000000000000e+00 0.000000000000000000e+00 0.000000000000000000e+00 0.000000000000000000e+00
0.000000000000000000e+00 0.000000000000000000e+00 0.000000000000000000e+00 0.000000000000000000e+00 0.000000000000000000e+00 0.000000000000000000e+00 0.000000000000000000e+00 0.000000000000000000e+00 0.000000000000000000e+00 0.000000000000000000e+00 0.000000000000000000e+00 0.000000000000000000e+00 0.000000000000000000e+00 0.000000000000000000e+00 0.000000000000000000e+00 0.000000000000000000e+00 0.000000000000000000e+00 0.000000000000000000e+00 0.000000000000000000e+00
0.000000000000000000e+00 0.000000000000000000e+00 0.000000000000000000e+00 0.000000000000000000e+00 0.000000000000000000e+00 0.000000000000000000e+00 0.000000000000000000e+00 0.000000000000000000e+00 0.000000000000000000e+00 0.000000000000000000e+00 0.000000000000000000e+00 0.000000000000000000e+00 0.000000000000000000e+00 0.000000000000000000e+00 0.000000000000000000e+00 0.000000000000000000e+00 0.000000000000000000e+00 0.000000000000000000e+00 0.000000000000000000e+00
0.000000000000000000e+00 0.000000000000000000e+00 0.000000000000000000e+00 0.000000000000000000e+00 0.000000000000000000e+00 0.000000000000000000e+00 0.000000000000000000e+00 0.000000000000000000e+00 0.000000000000000000e+00 0.000000000000000000e+00 0.000000000000000000e+00 0.000000000000000000e+00 0.000000000000000000e+00 0.000000000000000000e+00 0.000000000000000000e+00 0.000000000000000000e+00 0.000000000000000000e+00 0.000000000000000000e+00 0.000000000000000000e+00
0.000000000000000000e+00 0.000000000000000000e+00 0.000000000000000000e+00 0.000000000000000000e+00 0.000000000000000000e+00 0.000000000000000000e+00 0.000000000000000000e+00 0.000000000000000000e+00 0.000000000000000000e+00 0.000000000000000000e+00 0.000000000000000000e+00 0.000000000000000000e+00 0.000000000000000000e+00 0.000000000000000000e+00 0.000000000000000000e+00 0.000000000000000000e+00 0.000000000000000000e+00 0.000000000000000000e+00 0.000000000000000000e+00
0.000000000000000000e+00 0.000000000000000000e+00 0.000000000000000000e+00 0.000000000000000000e+00 0.000000000000000000e+00 0.000000000000000000e+00 0.000000000000000000e+00 0.000000000000000000e+00 0.000000000000000000e+00 0.000000000000000000e+00 0.000000000000000000e+00 0.000000000000000000e+00 0.000000000000000000e+00 0.000000000000000000e+00 0.000000000000000000e+00 0.000000000000000000e+00 0.000000000000000000e+00 0.000000000000000000e+00 0.000000000000000000e+00
0.000000000000000000e+00 0.000000000000000000e+00 0.000000000000000000e+00 0.000000000000000000e+00 0.000000000000000000e+00 0.000000000000000000e+00 0.000000000000000000e+00 0.000000000000000000e+00 0.000000000000000000e+00 0.000000000000000000e+00 0.000000000000000000e+00 0.000000000000000000e+00 0.000000000000000000e+00 0.000000000000000000e+00 0.000000000000000000e+00 0.000000000000000000e+00 0.000000000000000000e+00 0.000000000000000000e+00 0.000000000000000000e+00
0.000000000000000000e+00 0.000000000000000000e+00 0.000000000000000000e+00 0.000000000000000000e+00 0.000000000000000000e+00 0.000000000000000000e+00 0.000000000000000000e+00 0.000000000000000000e+00 0.000000000000000000e+00 0.000000000000000000e+00 0.000000000000000000e+00 0.000000000000000000e+00 0.000000000000000000e+00 0.000000000000000000e+00 0.000000000000000000e+00 0.000000000000000000e+00 0.000000000000000000e+00 0.000000000000000000e+00 0.000000000000000000e+00
