9.775484000000000000e+06 9.775484000000000000e+06 9.775484000000000000e+06 9.775484000000000000e+06 9.775484000000000000e+06 9.775484000000000000e+06 9.775484000000000000e+06 9.775484000000000000e+06 9.775484000000000000e+06 9.775484000000000000e+06 9.775484000000000000e+06 9.775484000000000000e+06 9.775484000000000000e+06 9.775484000000000000e+06 9.775484000000000000e+06 9.775484000000000000e+06 9.775484000000000000e+06 9.775484000000000000e+06 9.775484000000000000e+06
9.767217000000000000e+06 9.767217000000000000e+06 9.767217000000000000e+06 9.767217000000000000e+06 9.767217000000000000e+06 9.767217000000000000e+06 9.767217000000000000e+06 9.767217000000000000e+06 9.767217000000000000e+06 9.767217000000000000e+06 9.767217000000000000e+06 9.767217000000000000e+06 9.767217000000000000e+06 9.767217000000000000e+06 9.767217000000000000e+06 9.767217000000000000e+06 9.767217000000000000e+06 9.767217000000000000e+06 9.767217000000000000e+06
9.766889000000000000e+06 9.766889000000000000e+06 9.766889000000000000e+06 9.766889000000000000e+06 9.766889000000000000e+06 9.766889000000000000e+06 9.766889000000000000e+06 9.766889000000000000e+06 9.766889000000000000e+06 9.766889000000000000e+06 9.766889000000000000e+06 9.766889000000000000e+06 9.766889000000000000e+06 9.766889000000000000e+06 9.766889000000000000e+06 9.766889000000000000e+06 9.766889000000000000e+06 9.766889000000000000e+06 9.766889000000000000e+06
9.766820000000000000e+06 9.766820000000000000e+06 9.766820000000000000e+06 9.766820000000000000e+06 9.766820000000000000e+06 9.766820000000000000e+06 9.766820000000000000e+06 9.766820000000000000e+06 9.766820000000000000e+06 9.766820000000000000e+06 9.766820000000000000e+06 9.766820000000000000e+06 9.766820000000000000e+06 9.766820000000000000e+06 9.766820000000000000e+06 9.766820000000000000e+06 9.766820000000000000e+06 9.766820000000000000e+06 9.766820000000000000e+06
9.766784000000000000e+06 9.766784000000000000e+06 9.766784000000000000e+06 9.766784000000000000e+06 9.766784000000000000e+06 9.766784000000000000e+06 9.766784000000000000e+06 9.766784000000000000e+06 9.766784000000000000e+06 9.766784000000000000e+06 9.766784000000000000e+06 9.766784000000000000e+06 9.766784000000000000e+06 9.766784000000000000e+06 9.766784000000000000e+06 9.766784000000000000e+06 9.766784000000000000e+06 9.766784000000000000e+06 9.766784000000000000e+06
9.766745000000000000e+06 9.766745000000000000e+06 9.766745000000000000e+06 9.766745000000000000e+06 9.766745000000000000e+06 9.766745000000000000e+06 9.766745000000000000e+06 9.766745000000000000e+06 9.766745000000000000e+06 9.766745000000000000e+06 9.766745000000000000e+06 9.766745000000000000e+06 9.766745000000000000e+06 9.766745000000000000e+06 9.766745000000000000e+06 9.766745000000000000e+06 9.766745000000000000e+06 9.766745000000000000e+06 9.766745000000000000e+06
9.766726000000000000e+06 9.766726000000000000e+06 9.766726000000000000e+06 9.766726000000000000e+06 9.766726000000000000e+06 9.766726000000000000e+06 9.766726000000000000e+06 9.766726000000000000e+06 9.766726000000000000e+06 9.766726000000000000e+06 9.766726000000000000e+06 9.766726000000000000e+06 9.766726000000000000e+06 9.766726000000000000e+06 9.766726000000000000e+06 9.766726000000000000e+06 9.766726000000000000e+06 9.766726000000000000e+06 9.766726000000000000e+06
9.766705000000000000e+06 9.766705000000000000e+06 9.766705000000000000e+06 9.766705000000000000e+06 9.766705000000000000e+06 9.766705000000000000e+06 9.766705000000000000e+06 9.766705000000000000e+06 9.766705000000000000e+06 9.766705000000000000e+06 9.766705000000000000e+06 9.766705000000000000e+06 9.766705000000000000e+06 9.766705000000000000e+06 9.766705000000000000e+06 9.766705000000000000e+06 9.766705000000000000e+06 9.766705000000000000e+06 9.766705000000000000e+06
9.766672000000000000e+06 9.766672000000000000e+06 9.766672000000000000e+06 9.766672000000000000e+06 9.766672000000000000e+06 9.766672000000000000e+06 9.766672000000000000e+06 9.766672000000000000e+06 9.766672000000000000e+06 9.766672000000000000e+06 9.766672000000000000e+06 9.766672000000000000e+06 9.766672000000000000e+06 9.766672000000000000e+06 9.766672000000000000e+06 9.766672000000000000e+06 9.766672000000000000e+06 9.766672000000000000e+06 9.766672000000000000e+06
9.766657000000000000e+06 9.766657000000000000e+06 9.766657000000000000e+06 9.766657000000000000e+06 9.766657000000000000e+06 9.766657000000000000e+06 9.766657000000000000e+06 9.766657000000000000e+06 9.766657000000000000e+06 9.766657000000000000e+06 9.766657000000000000e+06 0.000000000000000000e+00 0.000000000000000000e+00 0.000000000000000000e+00 0.000000000000000000e+00 0.000000000000000000e+00 0.000000000000000000e+00 0.000000000000000000e+00 0.000000000000000000e+00
0.000000000000000000e+00 0.000000000000000000e+00 0.000000000000000000e+00 0.000000000000000000e+00 0.000000000000000000e+00 0.000000000000000000e+00 0.000000000000000000e+00 0.000000000000000000e+00 0.000000000000000000e+00 0.000000000000000000e+00 0.000000000000000000e+00 0.000000000000000000e+00 0.000000000000000000e+00 0.000000000000000000e+00 0.000000000000000000e+00 0.000000000000000000e+00 0.000000000000000000e+00 0.000000000000000000e+00 0.000000000000000000e+00
0.000000000000000000e+00 0.000000000000000000e+00 0.000000000000000000e+00 0.000000000000000000e+00 0.000000000000000000e+00 0.000000000000000000e+00 0.000000000000000000e+00 0.000000000000000000e+00 0.000000000000000000e+00 0.000000000000000000e+00 0.000000000000000000e+00 0.000000000000000000e+00 0.000000000000000000e+00 0.000000000000000000e+00 0.000000000000000000e+00 0.000000000000000000e+00 0.000000000000000000e+00 0.000000000000000000e+00 0.000000000000000000e+00
0.000000000000000000e+00 0.000000000000000000e+00 0.000000000000000000e+00 0.000000000000000000e+00 0.000000000000000000e+00 0.000000000000000000e+00 0.000000000000000000e+00 0.000000000000000000e+00 0.000000000000000000e+00 0.000000000000000000e+00 0.000000000000000000e+00 0.000000000000000000e+00 0.000000000000000000e+00 0.000000000000000000e+00 0.000000000000000000e+00 0.000000000000000000e+00 0.000000000000000000e+00 0.000000000000000000e+00 0.000000000000000000e+00
0.000000000000000000e+00 0.000000000000000000e+00 0.000000000000000000e+00 0.000000000000000000e+00 0.000000000000000000e+00 0.000000000000000000e+00 0.000000000000000000e+00 0.000000000000000000e+00 0.000000000000000000e+00 0.000000000000000000e+00 0.000000000000000000e+00 0.000000000000000000e+00 0.000000000000000000e+00 0.000000000000000000e+00 0.000000000000000000e+00 0.000000000000000000e+00 0.000000000000000000e+00 0.000000000000000000e+00 0.000000000000000000e+00
0.000000000000000000e+00 0.000000000000000000e+00 0.000000000000000000e+00 0.000000000000000000e+00 0.000000000000000000e+00 0.000000000000000000e+00 0.000000000000000000e+00 0.000000000000000000e+00 0.000000000000000000e+00 0.000000000000000000e+00 0.000000000000000000e+00 0.000000000000000000e+00 0.000000000000000000e+00 0.000000000000000000e+00 0.000000000000000000e+00 0.000000000000000000e+00 0.000000000000000000e+00 0.000000000000000000e+00 0.000000000000000000e+00
0.000000000000000000e+00 0.000000000000000000e+00 0.000000000000000000e+00 0.000000000000000000e+00 0.000000000000000000e+00 0.000000000000000000e+00 0.000000000000000000e+00 0.000000000000000000e+00 0.000000000000000000e+00 0.000000000000000000e+00 0.000000000000000000e+00 0.000000000000000000e+00 0.000000000000000000e+00 0.000000000000000000e+00 0.000000000000000000e+00 0.000000000000000000e+00 0.000000000000000000e+00 0.000000000000000000e+00 0.000000000000000000e+00
0.000000000000000000e+00 0.000000000000000000e+00 0.000000000000000000e+00 0.000000000000000000e+00 0.000000000000000000e+00 0.000000000000000000e+00 0.000000000000000000e+00 0.000000000000000000e+00 0.000000000000000000e+00 0.000000000000000000e+00 0.000000000000000000e+00 0.000000000000000000e+00 0.000000000000000000e+00 0.000000000000000000e+00 0.000000000000000000e+00 0.000000000000000000e+00 0.000000000000000000e+00 0.000000000000000000e+00 0.000000000000000000e+00
0.000000000000000000e+00 0.000000000000000000e+00 0.000000000000000000e+00 0.000000000000000000e+00 0.000000000000000000e+00 0.000000000000000000e+00 0.000000000000000000e+00 0.000000000000000000e+00 0.000000000000000000e+00 0.000000000000000000e+00 0.000000000000000000e+00 0.000000000000000000e+00 0.000000000000000000e+00 0.000000000000000000e+00 0.000000000000000000e+00 0.000000000000000000e+00 0.000000000000000000e+00 0.000000000000000000e+00 0.000000000000000000e+00
0.000000000000000000e+00 0.000000000000000000e+00 0.000000000000000000e+00 0.000000000000000000e+00 0.000000000000000000e+00 0.000000000000000000e+00 0.000000000000000000e+00 0.000000000000000000e+00 0.000000000000000000e+00 0.000000000000000000e+00 0.000000000000000000e+00 0.000000000000000000e+00 0.000000000000000000e+00 0.000000000000000000e+00 0.000000000000000000e+00 0.000000000000000000e+00 0.000000000000000000e+00 0.000000000000000000e+00 0.000000000000000000e+00
