9.804986000000000000e+06 9.804986000000000000e+06 9.804986000000000000e+06 9.804986000000000000e+06 9.804986000000000000e+06 9.804986000000000000e+06 9.804986000000000000e+06 9.804986000000000000e+06 9.804986000000000000e+06 9.804986000000000000e+06 9.804986000000000000e+06 9.804986000000000000e+06 9.804986000000000000e+06 9.804986000000000000e+06 9.804986000000000000e+06 9.804986000000000000e+06 9.804986000000000000e+06 9.804986000000000000e+06 9.804986000000000000e+06
9.798156000000000000e+06 9.798156000000000000e+06 9.798156000000000000e+06 9.798156000000000000e+06 9.798156000000000000e+06 9.798156000000000000e+06 9.798156000000000000e+06 9.798156000000000000e+06 9.798156000000000000e+06 9.798156000000000000e+06 9.798156000000000000e+06 9.798156000000000000e+06 9.798156000000000000e+06 9.798156000000000000e+06 9.798156000000000000e+06 9.798156000000000000e+06 9.798156000000000000e+06 9.798156000000000000e+06 9.798156000000000000e+06
9.797914000000000000e+06 9.797914000000000000e+06 9.797914000000000000e+06 9.797914000000000000e+06 9.797914000000000000e+06 9.797914000000000000e+06 9.797914000000000000e+06 9.797914000000000000e+06 9.797914000000000000e+06 9.797914000000000000e+06 9.797914000000000000e+06 9.797914000000000000e+06 9.797914000000000000e+06 9.797914000000000000e+06 9.797914000000000000e+06 9.797914000000000000e+06 9.797914000000000000e+06 9.797914000000000000e+06 9.797914000000000000e+06
9.797874000000000000e+06 9.797874000000000000e+06 9.797874000000000000e+06 9.797874000000000000e+06 9.797874000000000000e+06 9.797874000000000000e+06 9.797874000000000000e+06 9.797874000000000000e+06 9.797874000000000000e+06 9.797874000000000000e+06 9.797874000000000000e+06 9.797874000000000000e+06 9.797874000000000000e+06 9.797874000000000000e+06 9.797874000000000000e+06 9.797874000000000000e+06 9.797874000000000000e+06 9.797874000000000000e+06 9.797874000000000000e+06
9.797836000000000000e+06 9.797836000000000000e+06 9.797836000000000000e+06 9.797836000000000000e+06 9.797836000000000000e+06 9.797836000000000000e+06 9.797836000000000000e+06 9.797836000000000000e+06 9.797836000000000000e+06 9.797836000000000000e+06 9.797836000000000000e+06 9.797836000000000000e+06 9.797836000000000000e+06 9.797836000000000000e+06 9.797836000000000000e+06 9.797836000000000000e+06 9.797836000000000000e+06 9.797836000000000000e+06 9.797836000000000000e+06
9.797807000000000000e+06 9.797807000000000000e+06 9.797807000000000000e+06 9.797807000000000000e+06 9.797807000000000000e+06 9.797807000000000000e+06 9.797807000000000000e+06 9.797807000000000000e+06 9.797807000000000000e+06 9.797807000000000000e+06 9.797807000000000000e+06 9.797807000000000000e+06 9.797807000000000000e+06 9.797807000000000000e+06 9.797807000000000000e+06 9.797807000000000000e+06 9.797807000000000000e+06 9.797807000000000000e+06 9.797807000000000000e+06
9.797787000000000000e+06 9.797787000000000000e+06 9.797787000000000000e+06 9.797787000000000000e+06 9.797787000000000000e+06 9.797787000000000000e+06 9.797787000000000000e+06 9.797787000000000000e+06 9.797787000000000000e+06 9.797787000000000000e+06 9.797787000000000000e+06 9.797787000000000000e+06 9.797787000000000000e+06 9.797787000000000000e+06 9.797787000000000000e+06 9.797787000000000000e+06 9.797787000000000000e+06 9.797787000000000000e+06 9.797787000000000000e+06
9.797767000000000000e+06 9.797767000000000000e+06 9.797767000000000000e+06 9.797767000000000000e+06 9.797767000000000000e+06 9.797767000000000000e+06 9.797767000000000000e+06 9.797767000000000000e+06 9.797767000000000000e+06 9.797767000000000000e+06 9.797767000000000000e+06 9.797767000000000000e+06 9.797767000000000000e+06 9.797767000000000000e+06 9.797767000000000000e+06 9.797767000000000000e+06 9.797767000000000000e+06 9.797767000000000000e+06 9.797767000000000000e+06
9.797734000000000000e+06 9.797734000000000000e+06 9.797734000000000000e+06 9.797734000000000000e+06 9.797734000000000000e+06 9.797734000000000000e+06 9.797734000000000000e+06 9.797734000000000000e+06 9.797734000000000000e+06 9.797734000000000000e+06 9.797734000000000000e+06 9.797734000000000000e+06 9.797734000000000000e+06 9.797734000000000000e+06 9.797734000000000000e+06 9.797734000000000000e+06 9.797734000000000000e+06 9.797734000000000000e+06 9.797734000000000000e+06
9.797717000000000000e+06 9.797717000000000000e+06 9.797717000000000000e+06 9.797717000000000000e+06 9.797717000000000000e+06 9.797717000000000000e+06 9.797717000000000000e+06 9.797717000000000000e+06 9.797717000000000000e+06 9.797717000000000000e+06 9.797717000000000000e+06 9.797717000000000000e+06 9.797717000000000000e+06 9.797717000000000000e+06 9.797717000000000000e+06 9.797717000000000000e+06 9.797717000000000000e+06 9.797717000000000000e+06 9.797717000000000000e+06
9.797697000000000000e+06 9.797697000000000000e+06 9.797697000000000000e+06 9.797697000000000000e+06 9.797697000000000000e+06 9.797697000000000000e+06 9.797697000000000000e+06 9.797697000000000000e+06 9.797697000000000000e+06 9.797697000000000000e+06 9.797697000000000000e+06 9.797697000000000000e+06 9.797697000000000000e+06 9.797697000000000000e+06 9.797697000000000000e+06 9.797697000000000000e+06 9.797697000000000000e+06 9.797697000000000000e+06 9.797697000000000000e+06
9.797680000000000000e+06 9.797680000000000000e+06 9.797680000000000000e+06 9.797680000000000000e+06 9.797680000000000000e+06 9.797680000000000000e+06 9.797680000000000000e+06 9.797680000000000000e+06 9.797680000000000000e+06 9.797680000000000000e+06 9.797680000000000000e+06 9.797680000000000000e+06 9.797680000000000000e+06 9.797680000000000000e+06 9.797680000000000000e+06 9.797680000000000000e+06 9.797680000000000000e+06 9.797680000000000000e+06 9.797680000000000000e+06
9.797670000000000000e+06 9.797670000000000000e+06 9.797670000000000000e+06 9.797670000000000000e+06 9.797670000000000000e+06 9.797670000000000000e+06 9.797670000000000000e+06 9.797670000000000000e+06 9.797670000000000000e+06 9.797670000000000000e+06 9.797670000000000000e+06 9.797670000000000000e+06 9.797670000000000000e+06 9.797670000000000000e+06 9.797670000000000000e+06 9.797670000000000000e+06 9.797670000000000000e+06 9.797670000000000000e+06 9.797670000000000000e+06
9.797648000000000000e+06 9.797648000000000000e+06 9.797648000000000000e+06 9.797648000000000000e+06 9.797648000000000000e+06 0.000000000000000000e+00 0.000000000000000000e+00 0.000000000000000000e+00 0.000000000000000000e+00 0.000000000000000000e+00 0.000000000000000000e+00 0.000000000000000000e+00 0.000000000000000000e+00 0.000000000000000000e+00 0.000000000000000000e+00 0.000000000000000000e+00 0.000000000000000000e+00 0.000000000000000000e+00 0.000000000000000000e+00
0.000000000000000000e+00 0.000000000000000000e+00 0.000000000000000000e+00 0.000000000000000000e+00 0.000000000000000000e+00 0.000000000000000000e+00 0.000000000000000000e+00 0.000000000000000000e+00 0.000000000000000000e+00 0.000000000000000000e+00 0.000000000000000000e+00 0.000000000000000000e+00 0.000000000000000000e+00 0.000000000000000000e+00 0.000000000000000000e+00 0.000000000000000000e+00 0.000000000000000000e+00 0.000000000000000000e+00 0.000000000000000000e+00
0.000000000000000000e+00 0.000000000000000000e+00 0.000000000000000000e+00 0.000000000000000000e+00 0.000000000000000000e+00 0.000000000000000000e+00 0.000000000000000000e+00 0.000000000000000000e+00 0.000000000000000000e+00 0.000000000000000000e+00 0.000000000000000000e+00 0.000000000000000000e+00 0.000000000000000000e+00 0.000000000000000000e+00 0.000000000000000000e+00 0.000000000000000000e+00 0.000000000000000000e+00 0.000000000000000000e+00 0.000000000000000000e+00
0.000000000000000000e+00 0.000000000000000000e+00 0.000000000000000000e+00 0.000000000000000000e+00 0.000000000000000000e+00 0.000000000000000000e+00 0.000000000000000000e+00 0.000000000000000000e+00 0.000000000000000000e+00 0.000000000000000000e+00 0.000000000000000000e+00 0.000000000000000000e+00 0.000000000000000000e+00 0.000000000000000000e+00 0.000000000000000000e+00 0.000000000000000000e+00 0.000000000000000000e+00 0.000000000000000000e+00 0.000000000000000000e+00
0.000000000000000000e+00 0.000000000000000000e+00 0.000000000000000000e+00 0.000000000000000000e+00 0.000000000000000000e+00 0.000000000000000000e+00 0.000000000000000000e+00 0.000000000000000000e+00 0.000000000000000000e+00 0.000000000000000000e+00 0.000000000000000000e+00 0.000000000000000000e+00 0.000000000000000000e+00 0.000000000000000000e+00 0.000000000000000000e+00 0.000000000000000000e+00 0.000000000000000000e+00 0.000000000000000000e+00 0.000000000000000000e+00
0.000000000000000000e+00 0.000000000000000000e+00 0.000000000000000000e+00 0.000000000000000000e+00 0.000000000000000000e+00 0.000000000000000000e+00 0.000000000000000000e+00 0.000000000000000000e+00 0.000000000000000000e+00 0.000000000000000000e+00 0.000000000000000000e+00 0.000000000000000000e+00 0.000000000000000000e+00 0.000000000000000000e+00 0.000000000000000000e+00 0.000000000000000000e+00 0.000000000000000000e+00 0.000000000000000000e+00 0.000000000000000000e+00
