9.801748000000000000e+06 9.801748000000000000e+06 9.801748000000000000e+06 9.801748000000000000e+06 9.801748000000000000e+06 9.801748000000000000e+06 9.801748000000000000e+06 9.801748000000000000e+06 9.801748000000000000e+06 9.801748000000000000e+06 9.801748000000000000e+06 9.801748000000000000e+06 9.801748000000000000e+06 9.801748000000000000e+06 9.801748000000000000e+06 9.801748000000000000e+06 9.801748000000000000e+06 9.801748000000000000e+06 9.801748000000000000e+06
9.794850000000000000e+06 9.794850000000000000e+06 9.794850000000000000e+06 9.794850000000000000e+06 9.794850000000000000e+06 9.794850000000000000e+06 9.794850000000000000e+06 9.794850000000000000e+06 9.794850000000000000e+06 9.794850000000000000e+06 9.794850000000000000e+06 9.794850000000000000e+06 9.794850000000000000e+06 9.794850000000000000e+06 9.794850000000000000e+06 9.794850000000000000e+06 9.794850000000000000e+06 9.794850000000000000e+06 9.794850000000000000e+06
9.794597000000000000e+06 9.794597000000000000e+06 9.794597000000000000e+06 9.794597000000000000e+06 9.794597000000000000e+06 9.794597000000000000e+06 9.794597000000000000e+06 9.794597000000000000e+06 9.794597000000000000e+06 9.794597000000000000e+06 9.794597000000000000e+06 9.794597000000000000e+06 9.794597000000000000e+06 9.794597000000000000e+06 9.794597000000000000e+06 9.794597000000000000e+06 9.794597000000000000e+06 9.794597000000000000e+06 9.794597000000000000e+06
9.794550000000000000e+06 9.794550000000000000e+06 9.794550000000000000e+06 9.794550000000000000e+06 9.794550000000000000e+06 9.794550000000000000e+06 9.794550000000000000e+06 9.794550000000000000e+06 9.794550000000000000e+06 9.794550000000000000e+06 9.794550000000000000e+06 9.794550000000000000e+06 9.794550000000000000e+06 9.794550000000000000e+06 9.794550000000000000e+06 9.794550000000000000e+06 9.794550000000000000e+06 9.794550000000000000e+06 9.794550000000000000e+06
9.794513000000000000e+06 9.794513000000000000e+06 9.794513000000000000e+06 9.794513000000000000e+06 9.794513000000000000e+06 9.794513000000000000e+06 9.794513000000000000e+06 9.794513000000000000e+06 9.794513000000000000e+06 9.794513000000000000e+06 9.794513000000000000e+06 9.794513000000000000e+06 9.794513000000000000e+06 9.794513000000000000e+06 9.794513000000000000e+06 9.794513000000000000e+06 9.794513000000000000e+06 9.794513000000000000e+06 9.794513000000000000e+06
9.794482000000000000e+06 9.794482000000000000e+06 9.794482000000000000e+06 9.794482000000000000e+06 9.794482000000000000e+06 9.794482000000000000e+06 9.794482000000000000e+06 9.794482000000000000e+06 9.794482000000000000e+06 9.794482000000000000e+06 9.794482000000000000e+06 9.794482000000000000e+06 9.794482000000000000e+06 9.794482000000000000e+06 9.794482000000000000e+06 9.794482000000000000e+06 9.794482000000000000e+06 9.794482000000000000e+06 9.794482000000000000e+06
9.794462000000000000e+06 9.794462000000000000e+06 9.794462000000000000e+06 9.794462000000000000e+06 9.794462000000000000e+06 9.794462000000000000e+06 9.794462000000000000e+06 9.794462000000000000e+06 9.794462000000000000e+06 9.794462000000000000e+06 9.794462000000000000e+06 9.794462000000000000e+06 9.794462000000000000e+06 9.794462000000000000e+06 9.794462000000000000e+06 9.794462000000000000e+06 9.794462000000000000e+06 9.794462000000000000e+06 9.794462000000000000e+06
9.794442000000000000e+06 9.794442000000000000e+06 9.794442000000000000e+06 9.794442000000000000e+06 9.794442000000000000e+06 9.794442000000000000e+06 9.794442000000000000e+06 9.794442000000000000e+06 9.794442000000000000e+06 9.794442000000000000e+06 9.794442000000000000e+06 9.794442000000000000e+06 9.794442000000000000e+06 9.794442000000000000e+06 9.794442000000000000e+06 9.794442000000000000e+06 9.794442000000000000e+06 9.794442000000000000e+06 9.794442000000000000e+06
9.794409000000000000e+06 9.794409000000000000e+06 9.794409000000000000e+06 9.794409000000000000e+06 9.794409000000000000e+06 9.794409000000000000e+06 9.794409000000000000e+06 9.794409000000000000e+06 9.794409000000000000e+06 9.794409000000000000e+06 9.794409000000000000e+06 9.794409000000000000e+06 9.794409000000000000e+06 9.794409000000000000e+06 9.794409000000000000e+06 9.794409000000000000e+06 9.794409000000000000e+06 9.794409000000000000e+06 9.794409000000000000e+06
9.794392000000000000e+06 9.794392000000000000e+06 9.794392000000000000e+06 9.794392000000000000e+06 9.794392000000000000e+06 9.794392000000000000e+06 9.794392000000000000e+06 9.794392000000000000e+06 9.794392000000000000e+06 9.794392000000000000e+06 9.794392000000000000e+06 9.794392000000000000e+06 9.794392000000000000e+06 9.794392000000000000e+06 9.794392000000000000e+06 9.794392000000000000e+06 9.794392000000000000e+06 9.794392000000000000e+06 9.794392000000000000e+06
9.794373000000000000e+06 9.794373000000000000e+06 9.794373000000000000e+06 9.794373000000000000e+06 9.794373000000000000e+06 9.794373000000000000e+06 9.794373000000000000e+06 9.794373000000000000e+06 9.794373000000000000e+06 9.794373000000000000e+06 9.794373000000000000e+06 9.794373000000000000e+06 9.794373000000000000e+06 9.794373000000000000e+06 9.794373000000000000e+06 9.794373000000000000e+06 9.794373000000000000e+06 9.794373000000000000e+06 9.794373000000000000e+06
9.794356000000000000e+06 9.794356000000000000e+06 9.794356000000000000e+06 9.794356000000000000e+06 9.794356000000000000e+06 9.794356000000000000e+06 9.794356000000000000e+06 9.794356000000000000e+06 9.794356000000000000e+06 9.794356000000000000e+06 9.794356000000000000e+06 9.794356000000000000e+06 9.794356000000000000e+06 9.794356000000000000e+06 9.794356000000000000e+06 9.794356000000000000e+06 9.794356000000000000e+06 9.794356000000000000e+06 9.794356000000000000e+06
9.794346000000000000e+06 9.794346000000000000e+06 9.794346000000000000e+06 9.794346000000000000e+06 9.794346000000000000e+06 9.794346000000000000e+06 9.794346000000000000e+06 9.794346000000000000e+06 9.794346000000000000e+06 9.794346000000000000e+06 9.794346000000000000e+06 9.794346000000000000e+06 9.794346000000000000e+06 9.794346000000000000e+06 9.794346000000000000e+06 9.794346000000000000e+06 9.794346000000000000e+06 9.794346000000000000e+06 9.794346000000000000e+06
9.794324000000000000e+06 9.794324000000000000e+06 9.794324000000000000e+06 9.794324000000000000e+06 9.794324000000000000e+06 9.794324000000000000e+06 9.794324000000000000e+06 9.794324000000000000e+06 9.794324000000000000e+06 9.794324000000000000e+06 9.794324000000000000e+06 9.794324000000000000e+06 9.794324000000000000e+06 9.794324000000000000e+06 9.794324000000000000e+06 9.794324000000000000e+06 9.794324000000000000e+06 9.794324000000000000e+06 9.794324000000000000e+06
9.794312000000000000e+06 9.794312000000000000e+06 9.794312000000000000e+06 9.794312000000000000e+06 9.794312000000000000e+06 9.794312000000000000e+06 9.794312000000000000e+06 9.794312000000000000e+06 9.794312000000000000e+06 9.794312000000000000e+06 9.794312000000000000e+06 9.794312000000000000e+06 9.794312000000000000e+06 9.794312000000000000e+06 9.794312000000000000e+06 9.794312000000000000e+06 9.794312000000000000e+06 9.794312000000000000e+06 9.794312000000000000e+06
9.794302000000000000e+06 9.794302000000000000e+06 9.794302000000000000e+06 9.794302000000000000e+06 9.794302000000000000e+06 9.794302000000000000e+06 9.794302000000000000e+06 9.794302000000000000e+06 0.000000000000000000e+00 0.000000000000000000e+00 0.000000000000000000e+00 0.000000000000000000e+00 0.000000000000000000e+00 0.000000000000000000e+00 0.000000000000000000e+00 0.000000000000000000e+00 0.000000000000000000e+00 0.000000000000000000e+00 0.000000000000000000e+00
0.000000000000000000e+00 0.000000000000000000e+00 0.000000000000000000e+00 0.000000000000000000e+00 0.000000000000000000e+00 0.000000000000000000e+00 0.000000000000000000e+00 0.000000000000000000e+00 0.000000000000000000e+00 0.000000000000000000e+00 0.000000000000000000e+00 0.000000000000000000e+00 0.000000000000000000e+00 0.000000000000000000e+00 0.000000000000000000e+00 0.000000000000000000e+00 0.000000000000000000e+00 0.000000000000000000e+00 0.000000000000000000e+00
0.000000000000000000e+00 0.000000000000000000e+00 0.000000000000000000e+00 0.000000000000000000e+00 0.000000000000000000e+00 0.000000000000000000e+00 0.000000000000000000e+00 0.000000000000000000e+00 0.000000000000000000e+00 0.000000000000000000e+00 0.000000000000000000e+00 0.000000000000000000e+00 0.000000000000000000e+00 0.000000000000000000e+00 0.000000000000000000e+00 0.000000000000000000e+00 0.000000000000000000e+00 0.000000000000000000e+00 0.000000000000000000e+00
0.000000000000000000e+00 0.000000000000000000e+00 0.000000000000000000e+00 0.000000000000000000e+00 0.000000000000000000e+00 0.000000000000000000e+00 0.000000000000000000e+00 0.000000000000000000e+00 0.000000000000000000e+00 0.000000000000000000e+00 0.000000000000000000e+00 0.000000000000000000e+00 0.000000000000000000e+00 0.000000000000000000e+00 0.000000000000000000e+00 0.000000000000000000e+00 0.000000000000000000e+00 0.000000000000000000e+00 0.000000000000000000e+00
