9.620335000000000000e+06 9.620335000000000000e+06 9.620335000000000000e+06 9.620335000000000000e+06 9.620335000000000000e+06 9.620335000000000000e+06 9.620335000000000000e+06 9.620335000000000000e+06 9.620335000000000000e+06 9.620335000000000000e+06 9.620335000000000000e+06 9.620335000000000000e+06 9.620335000000000000e+06 9.620335000000000000e+06 9.620335000000000000e+06 9.620335000000000000e+06 9.620335000000000000e+06 9.620335000000000000e+06 9.620335000000000000e+06
9.595727000000000000e+06 9.595727000000000000e+06 9.595727000000000000e+06 9.595727000000000000e+06 9.595727000000000000e+06 9.595727000000000000e+06 9.595727000000000000e+06 9.595727000000000000e+06 9.595727000000000000e+06 9.595727000000000000e+06 9.595727000000000000e+06 9.595727000000000000e+06 9.595727000000000000e+06 9.595727000000000000e+06 9.595727000000000000e+06 9.595727000000000000e+06 9.595727000000000000e+06 9.595727000000000000e+06 9.595727000000000000e+06
9.594449000000000000e+06 9.594449000000000000e+06 9.594449000000000000e+06 9.594449000000000000e+06 9.594449000000000000e+06 9.594449000000000000e+06 9.594449000000000000e+06 9.594449000000000000e+06 9.594449000000000000e+06 9.594449000000000000e+06 9.594449000000000000e+06 9.594449000000000000e+06 9.594449000000000000e+06 9.594449000000000000e+06 9.594449000000000000e+06 9.594449000000000000e+06 9.594449000000000000e+06 9.594449000000000000e+06 9.594449000000000000e+06
9.594306000000000000e+06 9.594306000000000000e+06 9.594306000000000000e+06 9.594306000000000000e+06 9.594306000000000000e+06 9.594306000000000000e+06 9.594306000000000000e+06 9.594306000000000000e+06 9.594306000000000000e+06 9.594306000000000000e+06 9.594306000000000000e+06 9.594306000000000000e+06 9.594306000000000000e+06 9.594306000000000000e+06 9.594306000000000000e+06 9.594306000000000000e+06 9.594306000000000000e+06 9.594306000000000000e+06 9.594306000000000000e+06
9.594263000000000000e+06 9.594263000000000000e+06 9.594263000000000000e+06 9.594263000000000000e+06 9.594263000000000000e+06 9.594263000000000000e+06 9.594263000000000000e+06 9.594263000000000000e+06 9.594263000000000000e+06 9.594263000000000000e+06 9.594263000000000000e+06 9.594263000000000000e+06 9.594263000000000000e+06 9.594263000000000000e+06 9.594263000000000000e+06 9.594263000000000000e+06 9.594263000000000000e+06 9.594263000000000000e+06 9.594263000000000000e+06
9.594219000000000000e+06 9.594219000000000000e+06 9.594219000000000000e+06 9.594219000000000000e+06 9.594219000000000000e+06 9.594219000000000000e+06 9.594219000000000000e+06 9.594219000000000000e+06 9.594219000000000000e+06 9.594219000000000000e+06 9.594219000000000000e+06 9.594219000000000000e+06 9.594219000000000000e+06 9.594219000000000000e+06 9.594219000000000000e+06 9.594219000000000000e+06 9.594219000000000000e+06 9.594219000000000000e+06 9.594219000000000000e+06
9.594198000000000000e+06 9.594198000000000000e+06 9.594198000000000000e+06 9.594198000000000000e+06 9.594198000000000000e+06 9.594198000000000000e+06 9.594198000000000000e+06 9.594198000000000000e+06 9.594198000000000000e+06 9.594198000000000000e+06 9.594198000000000000e+06 9.594198000000000000e+06 9.594198000000000000e+06 9.594198000000000000e+06 9.594198000000000000e+06 9.594198000000000000e+06 9.594198000000000000e+06 9.594198000000000000e+06 9.594198000000000000e+06
9.594176000000000000e+06 9.594176000000000000e+06 9.594176000000000000e+06 9.594176000000000000e+06 9.594176000000000000e+06 9.594176000000000000e+06 9.594176000000000000e+06 9.594176000000000000e+06 9.594176000000000000e+06 9.594176000000000000e+06 9.594176000000000000e+06 9.594176000000000000e+06 9.594176000000000000e+06 9.594176000000000000e+06 9.594176000000000000e+06 9.594176000000000000e+06 9.594176000000000000e+06 9.594176000000000000e+06 9.594176000000000000e+06
9.594142000000000000e+06 9.594142000000000000e+06 9.594142000000000000e+06 9.594142000000000000e+06 9.594142000000000000e+06 9.594142000000000000e+06 9.594142000000000000e+06 9.594142000000000000e+06 9.594142000000000000e+06 9.594142000000000000e+06 9.594142000000000000e+06 9.594142000000000000e+06 9.594142000000000000e+06 9.594142000000000000e+06 9.594142000000000000e+06 9.594142000000000000e+06 9.594142000000000000e+06 9.594142000000000000e+06 9.594142000000000000e+06
9.594129000000000000e+06 9.594129000000000000e+06 9.594129000000000000e+06 9.594129000000000000e+06 9.594129000000000000e+06 9.594129000000000000e+06 9.594129000000000000e+06 9.594129000000000000e+06 9.594129000000000000e+06 9.594129000000000000e+06 9.594129000000000000e+06 9.594129000000000000e+06 9.594129000000000000e+06 9.594129000000000000e+06 9.594129000000000000e+06 9.594129000000000000e+06 9.594129000000000000e+06 9.594129000000000000e+06 9.594129000000000000e+06
9.594111000000000000e+06 9.594111000000000000e+06 9.594111000000000000e+06 9.594111000000000000e+06 9.594111000000000000e+06 9.594111000000000000e+06 9.594111000000000000e+06 9.594111000000000000e+06 9.594111000000000000e+06 9.594111000000000000e+06 9.594111000000000000e+06 9.594111000000000000e+06 9.594111000000000000e+06 9.594111000000000000e+06 9.594111000000000000e+06 9.594111000000000000e+06 9.594111000000000000e+06 9.594111000000000000e+06 9.594111000000000000e+06
9.594091000000000000e+06 9.594091000000000000e+06 9.594091000000000000e+06 9.594091000000000000e+06 9.594091000000000000e+06 9.594091000000000000e+06 9.594091000000000000e+06 9.594091000000000000e+06 9.594091000000000000e+06 9.594091000000000000e+06 9.594091000000000000e+06 9.594091000000000000e+06 9.594091000000000000e+06 9.594091000000000000e+06 9.594091000000000000e+06 9.594091000000000000e+06 9.594091000000000000e+06 9.594091000000000000e+06 9.594091000000000000e+06
9.594081000000000000e+06 9.594081000000000000e+06 9.594081000000000000e+06 9.594081000000000000e+06 9.594081000000000000e+06 9.594081000000000000e+06 9.594081000000000000e+06 9.594081000000000000e+06 9.594081000000000000e+06 9.594081000000000000e+06 9.594081000000000000e+06 9.594081000000000000e+06 9.594081000000000000e+06 9.594081000000000000e+06 9.594081000000000000e+06 9.594081000000000000e+06 9.594081000000000000e+06 9.594081000000000000e+06 9.594081000000000000e+06
9.594064000000000000e+06 9.594064000000000000e+06 9.594064000000000000e+06 9.594064000000000000e+06 9.594064000000000000e+06 9.594064000000000000e+06 9.594064000000000000e+06 9.594064000000000000e+06 0.000000000000000000e+00 0.000000000000000000e+00 0.000000000000000000e+00 0.000000000000000000e+00 0.000000000000000000e+00 0.000000000000000000e+00 0.000000000000000000e+00 0.000000000000000000e+00 0.000000000000000000e+00 0.000000000000000000e+00 0.000000000000000000e+00
0.000000000000000000e+00 0.000000000000000000e+00 0.000000000000000000e+00 0.000000000000000000e+00 0.000000000000000000e+00 0.000000000000000000e+00 0.000000000000000000e+00 0.000000000000000000e+00 0.000000000000000000e+00 0.000000000000000000e+00 0.000000000000000000e+00 0.000000000000000000e+00 0.000000000000000000e+00 0.000000000000000000e+00 0.000000000000000000e+00 0.000000000000000000e+00 0.000000000000000000e+00 0.000000000000000000e+00 0.000000000000000000e+00
0.000000000000000000e+00 0.000000000000000000e+00 0.000000000000000000e+00 0.000000000000000000e+00 0.000000000000000000e+00 0.000000000000000000e+00 0.000000000000000000e+00 0.000000000000000000e+00 0.000000000000000000e+00 0.000000000000000000e+00 0.000000000000000000e+00 0.000000000000000000e+00 0.000000000000000000e+00 0.000000000000000000e+00 0.000000000000000000e+00 0.000000000000000000e+00 0.000000000000000000e+00 0.000000000000000000e+00 0.000000000000000000e+00
0.000000000000000000e+00 0.000000000000000000e+00 0.000000000000000000e+00 0.000000000000000000e+00 0.000000000000000000e+00 0.000000000000000000e+00 0.000000000000000000e+00 0.000000000000000000e+00 0.000000000000000000e+00 0.000000000000000000e+00 0.000000000000000000e+00 0.000000000000000000e+00 0.000000000000000000e+00 0.000000000000000000e+00 0.000000000000000000e+00 0.000000000000000000e+00 0.000000000000000000e+00 0.000000000000000000e+00 0.000000000000000000e+00
0.000000000000000000e+00 0.000000000000000000e+00 0.000000000000000000e+00 0.000000000000000000e+00 0.000000000000000000e+00 0.000000000000000000e+00 0.000000000000000000e+00 0.000000000000000000e+00 0.000000000000000000e+00 0.000000000000000000e+00 0.000000000000000000e+00 0.000000000000000000e+00 0.000000000000000000e+00 0.000000000000000000e+00 0.000000000000000000e+00 0.000000000000000000e+00 0.000000000000000000e+00 0.000000000000000000e+00 0.000000000000000000e+00
0.000000000000000000e+00 0.000000000000000000e+00 0.000000000000000000e+00 0.000000000000000000e+00 0.000000000000000000e+00 0.000000000000000000e+00 0.000000000000000000e+00 0.000000000000000000e+00 0.000000000000000000e+00 0.000000000000000000e+00 0.000000000000000000e+00 0.000000000000000000e+00 0.000000000000000000e+00 0.000000000000000000e+00 0.000000000000000000e+00 0.000000000000000000e+00 0.000000000000000000e+00 0.000000000000000000e+00 0.000000000000000000e+00
