9.811984000000000000e+06 9.811984000000000000e+06 9.811984000000000000e+06 9.811984000000000000e+06 9.811984000000000000e+06 9.811984000000000000e+06 9.811984000000000000e+06 9.811984000000000000e+06 9.811984000000000000e+06 9.811984000000000000e+06 9.811984000000000000e+06 9.811984000000000000e+06 9.811984000000000000e+06 9.811984000000000000e+06 9.811984000000000000e+06 9.811984000000000000e+06 9.811984000000000000e+06 9.811984000000000000e+06 9.811984000000000000e+06
9.805285000000000000e+06 9.805285000000000000e+06 9.805285000000000000e+06 9.805285000000000000e+06 9.805285000000000000e+06 9.805285000000000000e+06 9.805285000000000000e+06 9.805285000000000000e+06 9.805285000000000000e+06 9.805285000000000000e+06 9.805285000000000000e+06 9.805285000000000000e+06 9.805285000000000000e+06 9.805285000000000000e+06 9.805285000000000000e+06 9.805285000000000000e+06 9.805285000000000000e+06 9.805285000000000000e+06 9.805285000000000000e+06
9.805084000000000000e+06 9.805084000000000000e+06 9.805084000000000000e+06 9.805084000000000000e+06 9.805084000000000000e+06 9.805084000000000000e+06 9.805084000000000000e+06 9.805084000000000000e+06 9.805084000000000000e+06 9.805084000000000000e+06 9.805084000000000000e+06 9.805084000000000000e+06 9.805084000000000000e+06 9.805084000000000000e+06 9.805084000000000000e+06 9.805084000000000000e+06 9.805084000000000000e+06 9.805084000000000000e+06 9.805084000000000000e+06
9.805057000000000000e+06 9.805057000000000000e+06 9.805057000000000000e+06 9.805057000000000000e+06 9.805057000000000000e+06 9.805057000000000000e+06 9.805057000000000000e+06 9.805057000000000000e+06 9.805057000000000000e+06 9.805057000000000000e+06 9.805057000000000000e+06 9.805057000000000000e+06 9.805057000000000000e+06 9.805057000000000000e+06 9.805057000000000000e+06 9.805057000000000000e+06 9.805057000000000000e+06 9.805057000000000000e+06 9.805057000000000000e+06
9.805018000000000000e+06 9.805018000000000000e+06 9.805018000000000000e+06 9.805018000000000000e+06 9.805018000000000000e+06 9.805018000000000000e+06 9.805018000000000000e+06 9.805018000000000000e+06 9.805018000000000000e+06 9.805018000000000000e+06 9.805018000000000000e+06 9.805018000000000000e+06 9.805018000000000000e+06 9.805018000000000000e+06 9.805018000000000000e+06 9.805018000000000000e+06 9.805018000000000000e+06 9.805018000000000000e+06 9.805018000000000000e+06
9.804993000000000000e+06 9.804993000000000000e+06 9.804993000000000000e+06 9.804993000000000000e+06 9.804993000000000000e+06 9.804993000000000000e+06 9.804993000000000000e+06 9.804993000000000000e+06 9.804993000000000000e+06 9.804993000000000000e+06 9.804993000000000000e+06 9.804993000000000000e+06 9.804993000000000000e+06 9.804993000000000000e+06 9.804993000000000000e+06 9.804993000000000000e+06 9.804993000000000000e+06 9.804993000000000000e+06 9.804993000000000000e+06
9.804973000000000000e+06 9.804973000000000000e+06 9.804973000000000000e+06 9.804973000000000000e+06 9.804973000000000000e+06 9.804973000000000000e+06 9.804973000000000000e+06 9.804973000000000000e+06 9.804973000000000000e+06 9.804973000000000000e+06 9.804973000000000000e+06 9.804973000000000000e+06 9.804973000000000000e+06 9.804973000000000000e+06 9.804973000000000000e+06 9.804973000000000000e+06 9.804973000000000000e+06 9.804973000000000000e+06 9.804973000000000000e+06
9.804953000000000000e+06 9.804953000000000000e+06 9.804953000000000000e+06 9.804953000000000000e+06 9.804953000000000000e+06 9.804953000000000000e+06 9.804953000000000000e+06 9.804953000000000000e+06 9.804953000000000000e+06 9.804953000000000000e+06 9.804953000000000000e+06 9.804953000000000000e+06 9.804953000000000000e+06 9.804953000000000000e+06 9.804953000000000000e+06 9.804953000000000000e+06 9.804953000000000000e+06 9.804953000000000000e+06 9.804953000000000000e+06
9.804920000000000000e+06 9.804920000000000000e+06 9.804920000000000000e+06 9.804920000000000000e+06 9.804920000000000000e+06 9.804920000000000000e+06 9.804920000000000000e+06 9.804920000000000000e+06 9.804920000000000000e+06 9.804920000000000000e+06 9.804920000000000000e+06 9.804920000000000000e+06 9.804920000000000000e+06 9.804920000000000000e+06 9.804920000000000000e+06 9.804920000000000000e+06 9.804920000000000000e+06 9.804920000000000000e+06 9.804920000000000000e+06
9.804903000000000000e+06 9.804903000000000000e+06 9.804903000000000000e+06 9.804903000000000000e+06 9.804903000000000000e+06 9.804903000000000000e+06 9.804903000000000000e+06 9.804903000000000000e+06 9.804903000000000000e+06 9.804903000000000000e+06 9.804903000000000000e+06 9.804903000000000000e+06 9.804903000000000000e+06 9.804903000000000000e+06 9.804903000000000000e+06 9.804903000000000000e+06 9.804903000000000000e+06 9.804903000000000000e+06 9.804903000000000000e+06
9.804877000000000000e+06 9.804877000000000000e+06 9.804877000000000000e+06 9.804877000000000000e+06 9.804877000000000000e+06 9.804877000000000000e+06 9.804877000000000000e+06 9.804877000000000000e+06 9.804877000000000000e+06 9.804877000000000000e+06 9.804877000000000000e+06 9.804877000000000000e+06 9.804877000000000000e+06 9.804877000000000000e+06 9.804877000000000000e+06 9.804877000000000000e+06 9.804877000000000000e+06 9.804877000000000000e+06 9.804877000000000000e+06
9.804866000000000000e+06 9.804866000000000000e+06 9.804866000000000000e+06 9.804866000000000000e+06 9.804866000000000000e+06 9.804866000000000000e+06 9.804866000000000000e+06 9.804866000000000000e+06 9.804866000000000000e+06 9.804866000000000000e+06 9.804866000000000000e+06 9.804866000000000000e+06 9.804866000000000000e+06 9.804866000000000000e+06 9.804866000000000000e+06 9.804866000000000000e+06 9.804866000000000000e+06 9.804866000000000000e+06 9.804866000000000000e+06
9.804851000000000000e+06 9.804851000000000000e+06 9.804851000000000000e+06 9.804851000000000000e+06 9.804851000000000000e+06 9.804851000000000000e+06 9.804851000000000000e+06 9.804851000000000000e+06 9.804851000000000000e+06 9.804851000000000000e+06 9.804851000000000000e+06 9.804851000000000000e+06 9.804851000000000000e+06 9.804851000000000000e+06 9.804851000000000000e+06 9.804851000000000000e+06 9.804851000000000000e+06 9.804851000000000000e+06 9.804851000000000000e+06
9.804833000000000000e+06 9.804833000000000000e+06 9.804833000000000000e+06 9.804833000000000000e+06 9.804833000000000000e+06 9.804833000000000000e+06 9.804833000000000000e+06 9.804833000000000000e+06 9.804833000000000000e+06 9.804833000000000000e+06 9.804833000000000000e+06 9.804833000000000000e+06 9.804833000000000000e+06 9.804833000000000000e+06 9.804833000000000000e+06 9.804833000000000000e+06 9.804833000000000000e+06 9.804833000000000000e+06 9.804833000000000000e+06
9.804823000000000000e+06 9.804823000000000000e+06 9.804823000000000000e+06 9.804823000000000000e+06 9.804823000000000000e+06 9.804823000000000000e+06 9.804823000000000000e+06 9.804823000000000000e+06 0.000000000000000000e+00 0.000000000000000000e+00 0.000000000000000000e+00 0.000000000000000000e+00 0.000000000000000000e+00 0.000000000000000000e+00 0.000000000000000000e+00 0.000000000000000000e+00 0.000000000000000000e+00 0.000000000000000000e+00 0.000000000000000000e+00
0.000000000000000000e+00 0.000000000000000000e+00 0.000000000000000000e+00 0.000000000000000000e+00 0.000000000000000000e+00 0.000000000000000000e+00 0.000000000000000000e+00 0.000000000000000000e+00 0.000000000000000000e+00 0.000000000000000000e+00 0.000000000000000000e+00 0.000000000000000000e+00 0.000000000000000000e+00 0.000000000000000000e+00 0.000000000000000000e+00 0.000000000000000000e+00 0.000000000000000000e+00 0.000000000000000000e+00 0.000000000000000000e+00
0.000000000000000000e+00 0.000000000000000000e+00 0.000000000000000000e+00 0.000000000000000000e+00 0.000000000000000000e+00 0.000000000000000000e+00 0.000000000000000000e+00 0.000000000000000000e+00 0.000000000000000000e+00 0.000000000000000000e+00 0.000000000000000000e+00 0.000000000000000000e+00 0.000000000000000000e+00 0.000000000000000000e+00 0.000000000000000000e+00 0.000000000000000000e+00 0.000000000000000000e+00 0.000000000000000000e+00 0.000000000000000000e+00
0.000000000000000000e+00 0.000000000000000000e+00 0.000000000000000000e+00 0.000000000000000000e+00 0.000000000000000000e+00 0.000000000000000000e+00 0.000000000000000000e+00 0.000000000000000000e+00 0.000000000000000000e+00 0.000000000000000000e+00 0.000000000000000000e+00 0.000000000000000000e+00 0.000000000000000000e+00 0.000000000000000000e+00 0.000000000000000000e+00 0.000000000000000000e+00 0.000000000000000000e+00 0.000000000000000000e+00 0.000000000000000000e+00
0.000000000000000000e+00 0.000000000000000000e+00 0.000000000000000000e+00 0.000000000000000000e+00 0.000000000000000000e+00 0.000000000000000000e+00 0.000000000000000000e+00 0.000000000000000000e+00 0.000000000000000000e+00 0.000000000000000000e+00 0.000000000000000000e+00 0.000000000000000000e+00 0.000000000000000000e+00 0.000000000000000000e+00 0.000000000000000000e+00 0.000000000000000000e+00 0.000000000000000000e+00 0.000000000000000000e+00 0.000000000000000000e+00
