9.290315000000000000e+06 9.290315000000000000e+06 9.290315000000000000e+06 9.290315000000000000e+06 9.290315000000000000e+06 9.290315000000000000e+06 9.290315000000000000e+06 9.290315000000000000e+06 9.290315000000000000e+06 9.290315000000000000e+06 9.290315000000000000e+06 9.290315000000000000e+06 9.290315000000000000e+06 9.290315000000000000e+06 9.290315000000000000e+06 9.290315000000000000e+06 9.290315000000000000e+06 9.290315000000000000e+06 9.290315000000000000e+06
9.212508000000000000e+06 9.212508000000000000e+06 9.212508000000000000e+06 9.212508000000000000e+06 9.212508000000000000e+06 9.212508000000000000e+06 9.212508000000000000e+06 9.212508000000000000e+06 9.212508000000000000e+06 9.212508000000000000e+06 9.212508000000000000e+06 9.212508000000000000e+06 9.212508000000000000e+06 9.212508000000000000e+06 9.212508000000000000e+06 9.212508000000000000e+06 9.212508000000000000e+06 9.212508000000000000e+06 9.212508000000000000e+06
9.205754000000000000e+06 9.205754000000000000e+06 9.205754000000000000e+06 9.205754000000000000e+06 9.205754000000000000e+06 9.205754000000000000e+06 9.205754000000000000e+06 9.205754000000000000e+06 9.205754000000000000e+06 9.205754000000000000e+06 9.205754000000000000e+06 9.205754000000000000e+06 9.205754000000000000e+06 9.205754000000000000e+06 9.205754000000000000e+06 9.205754000000000000e+06 9.205754000000000000e+06 9.205754000000000000e+06 9.205754000000000000e+06
9.205013000000000000e+06 9.205013000000000000e+06 9.205013000000000000e+06 9.205013000000000000e+06 9.205013000000000000e+06 9.205013000000000000e+06 9.205013000000000000e+06 9.205013000000000000e+06 9.205013000000000000e+06 9.205013000000000000e+06 9.205013000000000000e+06 9.205013000000000000e+06 9.205013000000000000e+06 9.205013000000000000e+06 9.205013000000000000e+06 9.205013000000000000e+06 9.205013000000000000e+06 9.205013000000000000e+06 9.205013000000000000e+06
9.204874000000000000e+06 9.204874000000000000e+06 9.204874000000000000e+06 9.204874000000000000e+06 9.204874000000000000e+06 9.204874000000000000e+06 9.204874000000000000e+06 9.204874000000000000e+06 9.204874000000000000e+06 9.204874000000000000e+06 9.204874000000000000e+06 9.204874000000000000e+06 9.204874000000000000e+06 9.204874000000000000e+06 9.204874000000000000e+06 9.204874000000000000e+06 9.204874000000000000e+06 9.204874000000000000e+06 9.204874000000000000e+06
9.204818000000000000e+06 9.204818000000000000e+06 9.204818000000000000e+06 9.204818000000000000e+06 9.204818000000000000e+06 9.204818000000000000e+06 9.204818000000000000e+06 9.204818000000000000e+06 9.204818000000000000e+06 9.204818000000000000e+06 9.204818000000000000e+06 9.204818000000000000e+06 9.204818000000000000e+06 9.204818000000000000e+06 9.204818000000000000e+06 9.204818000000000000e+06 9.204818000000000000e+06 9.204818000000000000e+06 9.204818000000000000e+06
9.204794000000000000e+06 9.204794000000000000e+06 9.204794000000000000e+06 9.204794000000000000e+06 9.204794000000000000e+06 9.204794000000000000e+06 9.204794000000000000e+06 9.204794000000000000e+06 9.204794000000000000e+06 9.204794000000000000e+06 9.204794000000000000e+06 9.204794000000000000e+06 9.204794000000000000e+06 9.204794000000000000e+06 9.204794000000000000e+06 9.204794000000000000e+06 9.204794000000000000e+06 9.204794000000000000e+06 9.204794000000000000e+06
9.204772000000000000e+06 9.204772000000000000e+06 9.204772000000000000e+06 9.204772000000000000e+06 9.204772000000000000e+06 9.204772000000000000e+06 9.204772000000000000e+06 9.204772000000000000e+06 9.204772000000000000e+06 9.204772000000000000e+06 9.204772000000000000e+06 9.204772000000000000e+06 9.204772000000000000e+06 9.204772000000000000e+06 9.204772000000000000e+06 9.204772000000000000e+06 9.204772000000000000e+06 9.204772000000000000e+06 9.204772000000000000e+06
9.204735000000000000e+06 9.204735000000000000e+06 9.204735000000000000e+06 9.204735000000000000e+06 0.000000000000000000e+00 0.000000000000000000e+00 0.000000000000000000e+00 0.000000000000000000e+00 0.000000000000000000e+00 0.000000000000000000e+00 0.000000000000000000e+00 0.000000000000000000e+00 0.000000000000000000e+00 0.000000000000000000e+00 0.000000000000000000e+00 0.000000000000000000e+00 0.000000000000000000e+00 0.000000000000000000e+00 0.000000000000000000e+00
0.000000000000000000e+00 0.000000000000000000e+00 0.000000000000000000e+00 0.000000000000000000e+00 0.000000000000000000e+00 0.000000000000000000e+00 0.000000000000000000e+00 0.000000000000000000e+00 0.000000000000000000e+00 0.000000000000000000e+00 0.000000000000000000e+00 0.000000000000000000e+00 0.000000000000000000e+00 0.000000000000000000e+00 0.000000000000000000e+00 0.000000000000000000e+00 0.000000000000000000e+00 0.000000000000000000e+00 0.000000000000000000e+00
0.000000000000000000e+00 0.000000000000000000e+00 0.000000000000000000e+00 0.000000000000000000e+00 0.000000000000000000e+00 0.000000000000000000e+00 0.000000000000000000e+00 0.000000000000000000e+00 0.000000000000000000e+00 0.000000000000000000e+00 0.000000000000000000e+00 0.000000000000000000e+00 0.000000000000000000e+00 0.000000000000000000e+00 0.000000000000000000e+00 0.000000000000000000e+00 0.000000000000000000e+00 0.000000000000000000e+00 0.000000000000000000e+00
0.000000000000000000e+00 0.000000000000000000e+00 0.000000000000000000e+00 0.000000000000000000e+00 0.000000000000000000e+00 0.000000000000000000e+00 0.000000000000000000e+00 0.000000000000000000e+00 0.000000000000000000e+00 0.000000000000000000e+00 0.000000000000000000e+00 0.000000000000000000e+00 0.000000000000000000e+00 0.000000000000000000e+00 0.000000000000000000e+00 0.000000000000000000e+00 0.000000000000000000e+00 0.000000000000000000e+00 0.000000000000000000e+00
0.000000000000000000e+00 0.000000000000000000e+00 0.000000000000000000e+00 0.000000000000000000e+00 0.000000000000000000e+00 0.000000000000000000e+00 0.000000000000000000e+00 0.000000000000000000e+00 0.000000000000000000e+00 0.000000000000000000e+00 0.000000000000000000e+00 0.000000000000000000e+00 0.000000000000000000e+00 0.000000000000000000e+00 0.000000000000000000e+00 0.000000000000000000e+00 0.000000000000000000e+00 0.000000000000000000e+00 0.000000000000000000e+00
0.000000000000000000e+00 0.000000000000000000e+00 0.000000000000000000e+00 0.000000000000000000e+00 0.000000000000000000e+00 0.000000000000000000e+00 0.000000000000000000e+00 0.000000000000000000e+00 0.000000000000000000e+00 0.000000000000000000e+00 0.000000000000000000e+00 0.000000000000000000e+00 0.000000000000000000e+00 0.000000000000000000e+00 0.000000000000000000e+00 0.000000000000000000e+00 0.000000000000000000e+00 0.000000000000000000e+00 0.000000000000000000e+00
0.000000000000000000e+00 0.000000000000000000e+00 0.000000000000000000e+00 0.000000000000000000e+00 0.000000000000000000e+00 0.000000000000000000e+00 0.000000000000000000e+00 0.000000000000000000e+00 0.000000000000000000e+00 0.000000000000000000e+00 0.000000000000000000e+00 0.000000000000000000e+00 0.000000000000000000e+00 0.000000000000000000e+00 0.000000000000000000e+00 0.000000000000000000e+00 0.000000000000000000e+00 0.000000000000000000e+00 0.000000000000000000e+00
0.000000000000000000e+00 0.000000000000000000e+00 0.000000000000000000e+00 0.000000000000000000e+00 0.000000000000000000e+00 0.000000000000000000e+00 0.000000000000000000e+00 0.000000000000000000e+00 0.000000000000000000e+00 0.000000000000000000e+00 0.000000000000000000e+00 0.000000000000000000e+00 0.000000000000000000e+00 0.000000000000000000e+00 0.000000000000000000e+00 0.000000000000000000e+00 0.000000000000000000e+00 0.000000000000000000e+00 0.000000000000000000e+00
0.000000000000000000e+00 0.000000000000000000e+00 0.000000000000000000e+00 0.000000000000000000e+00 0.000000000000000000e+00 0.000000000000000000e+00 0.000000000000000000e+00 0.000000000000000000e+00 0.000000000000000000e+00 0.000000000000000000e+00 0.000000000000000000e+00 0.000000000000000000e+00 0.000000000000000000e+00 0.000000000000000000e+00 0.000000000000000000e+00 0.000000000000000000e+00 0.000000000000000000e+00 0.000000000000000000e+00 0.000000000000000000e+00
0.000000000000000000e+00 0.000000000000000000e+00 0.000000000000000000e+00 0.000000000000000000e+00 0.000000000000000000e+00 0.000000000000000000e+00 0.000000000000000000e+00 0.000000000000000000e+00 0.000000000000000000e+00 0.000000000000000000e+00 0.000000000000000000e+00 0.000000000000000000e+00 0.000000000000000000e+00 0.000000000000000000e+00 0.000000000000000000e+00 0.000000000000000000e+00 0.000000000000000000e+00 0.000000000000000000e+00 0.000000000000000000e+00
0.000000000000000000e+00 0.000000000000000000e+00 0.000000000000000000e+00 0.000000000000000000e+00 0.000000000000000000e+00 0.000000000000000000e+00 0.000000000000000000e+00 0.000000000000000000e+00 0.000000000000000000e+00 0.000000000000000000e+00 0.000000000000000000e+00 0.000000000000000000e+00 0.000000000000000000e+00 0.000000000000000000e+00 0.000000000000000000e+00 0.000000000000000000e+00 0.000000000000000000e+00 0.000000000000000000e+00 0.000000000000000000e+00
