9.813863000000000000e+06 9.813863000000000000e+06 9.813863000000000000e+06 9.813863000000000000e+06 9.813863000000000000e+06 9.813863000000000000e+06 9.813863000000000000e+06 9.813863000000000000e+06 9.813863000000000000e+06 9.813863000000000000e+06 9.813863000000000000e+06 9.813863000000000000e+06 9.813863000000000000e+06 9.813863000000000000e+06 9.813863000000000000e+06 9.813863000000000000e+06 9.813863000000000000e+06 9.813863000000000000e+06 9.813863000000000000e+06
9.807198000000000000e+06 9.807198000000000000e+06 9.807198000000000000e+06 9.807198000000000000e+06 9.807198000000000000e+06 9.807198000000000000e+06 9.807198000000000000e+06 9.807198000000000000e+06 9.807198000000000000e+06 9.807198000000000000e+06 9.807198000000000000e+06 9.807198000000000000e+06 9.807198000000000000e+06 9.807198000000000000e+06 9.807198000000000000e+06 9.807198000000000000e+06 9.807198000000000000e+06 9.807198000000000000e+06 9.807198000000000000e+06
9.807013000000000000e+06 9.807013000000000000e+06 9.807013000000000000e+06 9.807013000000000000e+06 9.807013000000000000e+06 9.807013000000000000e+06 9.807013000000000000e+06 9.807013000000000000e+06 9.807013000000000000e+06 9.807013000000000000e+06 9.807013000000000000e+06 9.807013000000000000e+06 9.807013000000000000e+06 9.807013000000000000e+06 9.807013000000000000e+06 9.807013000000000000e+06 9.807013000000000000e+06 9.807013000000000000e+06 9.807013000000000000e+06
9.806988000000000000e+06 9.806988000000000000e+06 9.806988000000000000e+06 9.806988000000000000e+06 9.806988000000000000e+06 9.806988000000000000e+06 9.806988000000000000e+06 9.806988000000000000e+06 9.806988000000000000e+06 9.806988000000000000e+06 9.806988000000000000e+06 9.806988000000000000e+06 9.806988000000000000e+06 9.806988000000000000e+06 9.806988000000000000e+06 9.806988000000000000e+06 9.806988000000000000e+06 9.806988000000000000e+06 9.806988000000000000e+06
9.806950000000000000e+06 9.806950000000000000e+06 9.806950000000000000e+06 9.806950000000000000e+06 9.806950000000000000e+06 9.806950000000000000e+06 9.806950000000000000e+06 9.806950000000000000e+06 9.806950000000000000e+06 9.806950000000000000e+06 9.806950000000000000e+06 9.806950000000000000e+06 9.806950000000000000e+06 9.806950000000000000e+06 9.806950000000000000e+06 9.806950000000000000e+06 9.806950000000000000e+06 9.806950000000000000e+06 9.806950000000000000e+06
9.806927000000000000e+06 9.806927000000000000e+06 9.806927000000000000e+06 9.806927000000000000e+06 9.806927000000000000e+06 9.806927000000000000e+06 9.806927000000000000e+06 9.806927000000000000e+06 9.806927000000000000e+06 9.806927000000000000e+06 9.806927000000000000e+06 9.806927000000000000e+06 9.806927000000000000e+06 9.806927000000000000e+06 9.806927000000000000e+06 9.806927000000000000e+06 9.806927000000000000e+06 9.806927000000000000e+06 9.806927000000000000e+06
9.806907000000000000e+06 9.806907000000000000e+06 9.806907000000000000e+06 9.806907000000000000e+06 9.806907000000000000e+06 9.806907000000000000e+06 9.806907000000000000e+06 9.806907000000000000e+06 9.806907000000000000e+06 9.806907000000000000e+06 9.806907000000000000e+06 9.806907000000000000e+06 9.806907000000000000e+06 9.806907000000000000e+06 9.806907000000000000e+06 9.806907000000000000e+06 9.806907000000000000e+06 9.806907000000000000e+06 9.806907000000000000e+06
9.806887000000000000e+06 9.806887000000000000e+06 9.806887000000000000e+06 9.806887000000000000e+06 9.806887000000000000e+06 9.806887000000000000e+06 9.806887000000000000e+06 9.806887000000000000e+06 9.806887000000000000e+06 9.806887000000000000e+06 9.806887000000000000e+06 9.806887000000000000e+06 9.806887000000000000e+06 9.806887000000000000e+06 9.806887000000000000e+06 9.806887000000000000e+06 9.806887000000000000e+06 9.806887000000000000e+06 9.806887000000000000e+06
9.806854000000000000e+06 9.806854000000000000e+06 9.806854000000000000e+06 9.806854000000000000e+06 9.806854000000000000e+06 9.806854000000000000e+06 9.806854000000000000e+06 9.806854000000000000e+06 9.806854000000000000e+06 9.806854000000000000e+06 9.806854000000000000e+06 9.806854000000000000e+06 9.806854000000000000e+06 9.806854000000000000e+06 9.806854000000000000e+06 9.806854000000000000e+06 9.806854000000000000e+06 9.806854000000000000e+06 9.806854000000000000e+06
9.806837000000000000e+06 9.806837000000000000e+06 9.806837000000000000e+06 9.806837000000000000e+06 9.806837000000000000e+06 9.806837000000000000e+06 9.806837000000000000e+06 9.806837000000000000e+06 9.806837000000000000e+06 9.806837000000000000e+06 9.806837000000000000e+06 9.806837000000000000e+06 9.806837000000000000e+06 9.806837000000000000e+06 9.806837000000000000e+06 9.806837000000000000e+06 9.806837000000000000e+06 9.806837000000000000e+06 9.806837000000000000e+06
9.806809000000000000e+06 9.806809000000000000e+06 9.806809000000000000e+06 9.806809000000000000e+06 9.806809000000000000e+06 9.806809000000000000e+06 9.806809000000000000e+06 9.806809000000000000e+06 9.806809000000000000e+06 9.806809000000000000e+06 9.806809000000000000e+06 9.806809000000000000e+06 9.806809000000000000e+06 9.806809000000000000e+06 9.806809000000000000e+06 9.806809000000000000e+06 9.806809000000000000e+06 9.806809000000000000e+06 9.806809000000000000e+06
9.806800000000000000e+06 9.806800000000000000e+06 9.806800000000000000e+06 9.806800000000000000e+06 9.806800000000000000e+06 9.806800000000000000e+06 9.806800000000000000e+06 9.806800000000000000e+06 9.806800000000000000e+06 9.806800000000000000e+06 9.806800000000000000e+06 9.806800000000000000e+06 9.806800000000000000e+06 9.806800000000000000e+06 9.806800000000000000e+06 9.806800000000000000e+06 9.806800000000000000e+06 9.806800000000000000e+06 9.806800000000000000e+06
9.806783000000000000e+06 9.806783000000000000e+06 9.806783000000000000e+06 9.806783000000000000e+06 9.806783000000000000e+06 9.806783000000000000e+06 9.806783000000000000e+06 9.806783000000000000e+06 9.806783000000000000e+06 9.806783000000000000e+06 9.806783000000000000e+06 9.806783000000000000e+06 9.806783000000000000e+06 9.806783000000000000e+06 9.806783000000000000e+06 9.806783000000000000e+06 9.806783000000000000e+06 9.806783000000000000e+06 9.806783000000000000e+06
9.806767000000000000e+06 9.806767000000000000e+06 9.806767000000000000e+06 9.806767000000000000e+06 9.806767000000000000e+06 9.806767000000000000e+06 9.806767000000000000e+06 9.806767000000000000e+06 9.806767000000000000e+06 9.806767000000000000e+06 9.806767000000000000e+06 9.806767000000000000e+06 9.806767000000000000e+06 9.806767000000000000e+06 9.806767000000000000e+06 9.806767000000000000e+06 9.806767000000000000e+06 9.806767000000000000e+06 9.806767000000000000e+06
9.806756000000000000e+06 9.806756000000000000e+06 9.806756000000000000e+06 9.806756000000000000e+06 9.806756000000000000e+06 9.806756000000000000e+06 9.806756000000000000e+06 9.806756000000000000e+06 9.806756000000000000e+06 9.806756000000000000e+06 9.806756000000000000e+06 9.806756000000000000e+06 9.806756000000000000e+06 9.806756000000000000e+06 9.806756000000000000e+06 9.806756000000000000e+06 9.806756000000000000e+06 9.806756000000000000e+06 9.806756000000000000e+06
9.806734000000000000e+06 9.806734000000000000e+06 9.806734000000000000e+06 9.806734000000000000e+06 9.806734000000000000e+06 9.806734000000000000e+06 9.806734000000000000e+06 9.806734000000000000e+06 9.806734000000000000e+06 9.806734000000000000e+06 9.806734000000000000e+06 9.806734000000000000e+06 9.806734000000000000e+06 9.806734000000000000e+06 9.806734000000000000e+06 9.806734000000000000e+06 9.806734000000000000e+06 9.806734000000000000e+06 9.806734000000000000e+06
9.806635000000000000e+06 9.806635000000000000e+06 9.806635000000000000e+06 9.806635000000000000e+06 9.806635000000000000e+06 9.806635000000000000e+06 9.806635000000000000e+06 9.806635000000000000e+06 9.806635000000000000e+06 9.806635000000000000e+06 9.806635000000000000e+06 9.806635000000000000e+06 9.806635000000000000e+06 9.806635000000000000e+06 9.806635000000000000e+06 9.806635000000000000e+06 9.806635000000000000e+06 9.806635000000000000e+06 9.806635000000000000e+06
9.806402000000000000e+06 9.806402000000000000e+06 9.806402000000000000e+06 9.806402000000000000e+06 9.806402000000000000e+06 9.806402000000000000e+06 9.806402000000000000e+06 9.806402000000000000e+06 9.806402000000000000e+06 9.806402000000000000e+06 9.806402000000000000e+06 9.806402000000000000e+06 9.806402000000000000e+06 9.806402000000000000e+06 9.806402000000000000e+06 9.806402000000000000e+06 9.806402000000000000e+06 9.806402000000000000e+06 9.806402000000000000e+06
9.805913000000000000e+06 9.805913000000000000e+06 9.805913000000000000e+06 0.000000000000000000e+00 0.000000000000000000e+00 0.000000000000000000e+00 0.000000000000000000e+00 0.000000000000000000e+00 0.000000000000000000e+00 0.000000000000000000e+00 0.000000000000000000e+00 0.000000000000000000e+00 0.000000000000000000e+00 0.000000000000000000e+00 0.000000000000000000e+00 0.000000000000000000e+00 0.000000000000000000e+00 0.000000000000000000e+00 0.000000000000000000e+00
