9.790541000000000000e+06 9.790541000000000000e+06 9.790541000000000000e+06 9.790541000000000000e+06 9.790541000000000000e+06 9.790541000000000000e+06 9.790541000000000000e+06 9.790541000000000000e+06 9.790541000000000000e+06 9.790541000000000000e+06 9.790541000000000000e+06 9.790541000000000000e+06 9.790541000000000000e+06 9.790541000000000000e+06 9.790541000000000000e+06 9.790541000000000000e+06 9.790541000000000000e+06 9.790541000000000000e+06 9.790541000000000000e+06
9.783235000000000000e+06 9.783235000000000000e+06 9.783235000000000000e+06 9.783235000000000000e+06 9.783235000000000000e+06 9.783235000000000000e+06 9.783235000000000000e+06 9.783235000000000000e+06 9.783235000000000000e+06 9.783235000000000000e+06 9.783235000000000000e+06 9.783235000000000000e+06 9.783235000000000000e+06 9.783235000000000000e+06 9.783235000000000000e+06 9.783235000000000000e+06 9.783235000000000000e+06 9.783235000000000000e+06 9.783235000000000000e+06
9.782948000000000000e+06 9.782948000000000000e+06 9.782948000000000000e+06 9.782948000000000000e+06 9.782948000000000000e+06 9.782948000000000000e+06 9.782948000000000000e+06 9.782948000000000000e+06 9.782948000000000000e+06 9.782948000000000000e+06 9.782948000000000000e+06 9.782948000000000000e+06 9.782948000000000000e+06 9.782948000000000000e+06 9.782948000000000000e+06 9.782948000000000000e+06 9.782948000000000000e+06 9.782948000000000000e+06 9.782948000000000000e+06
9.782888000000000000e+06 9.782888000000000000e+06 9.782888000000000000e+06 9.782888000000000000e+06 9.782888000000000000e+06 9.782888000000000000e+06 9.782888000000000000e+06 9.782888000000000000e+06 9.782888000000000000e+06 9.782888000000000000e+06 9.782888000000000000e+06 9.782888000000000000e+06 9.782888000000000000e+06 9.782888000000000000e+06 9.782888000000000000e+06 9.782888000000000000e+06 9.782888000000000000e+06 9.782888000000000000e+06 9.782888000000000000e+06
9.782853000000000000e+06 9.782853000000000000e+06 9.782853000000000000e+06 9.782853000000000000e+06 9.782853000000000000e+06 9.782853000000000000e+06 9.782853000000000000e+06 9.782853000000000000e+06 9.782853000000000000e+06 9.782853000000000000e+06 9.782853000000000000e+06 9.782853000000000000e+06 9.782853000000000000e+06 9.782853000000000000e+06 9.782853000000000000e+06 9.782853000000000000e+06 9.782853000000000000e+06 9.782853000000000000e+06 9.782853000000000000e+06
9.782817000000000000e+06 9.782817000000000000e+06 9.782817000000000000e+06 9.782817000000000000e+06 9.782817000000000000e+06 9.782817000000000000e+06 9.782817000000000000e+06 9.782817000000000000e+06 9.782817000000000000e+06 9.782817000000000000e+06 9.782817000000000000e+06 9.782817000000000000e+06 9.782817000000000000e+06 9.782817000000000000e+06 9.782817000000000000e+06 9.782817000000000000e+06 9.782817000000000000e+06 9.782817000000000000e+06 9.782817000000000000e+06
9.782797000000000000e+06 9.782797000000000000e+06 9.782797000000000000e+06 9.782797000000000000e+06 9.782797000000000000e+06 9.782797000000000000e+06 9.782797000000000000e+06 9.782797000000000000e+06 9.782797000000000000e+06 9.782797000000000000e+06 9.782797000000000000e+06 9.782797000000000000e+06 9.782797000000000000e+06 9.782797000000000000e+06 9.782797000000000000e+06 9.782797000000000000e+06 9.782797000000000000e+06 9.782797000000000000e+06 9.782797000000000000e+06
9.782777000000000000e+06 9.782777000000000000e+06 9.782777000000000000e+06 9.782777000000000000e+06 9.782777000000000000e+06 9.782777000000000000e+06 9.782777000000000000e+06 9.782777000000000000e+06 9.782777000000000000e+06 9.782777000000000000e+06 9.782777000000000000e+06 9.782777000000000000e+06 9.782777000000000000e+06 9.782777000000000000e+06 9.782777000000000000e+06 9.782777000000000000e+06 9.782777000000000000e+06 9.782777000000000000e+06 9.782777000000000000e+06
9.782744000000000000e+06 9.782744000000000000e+06 9.782744000000000000e+06 9.782744000000000000e+06 9.782744000000000000e+06 9.782744000000000000e+06 9.782744000000000000e+06 9.782744000000000000e+06 9.782744000000000000e+06 9.782744000000000000e+06 9.782744000000000000e+06 9.782744000000000000e+06 9.782744000000000000e+06 9.782744000000000000e+06 9.782744000000000000e+06 9.782744000000000000e+06 9.782744000000000000e+06 9.782744000000000000e+06 9.782744000000000000e+06
9.782728000000000000e+06 9.782728000000000000e+06 9.782728000000000000e+06 9.782728000000000000e+06 9.782728000000000000e+06 9.782728000000000000e+06 9.782728000000000000e+06 9.782728000000000000e+06 9.782728000000000000e+06 9.782728000000000000e+06 9.782728000000000000e+06 9.782728000000000000e+06 9.782728000000000000e+06 9.782728000000000000e+06 9.782728000000000000e+06 9.782728000000000000e+06 9.782728000000000000e+06 9.782728000000000000e+06 9.782728000000000000e+06
9.782710000000000000e+06 9.782710000000000000e+06 9.782710000000000000e+06 9.782710000000000000e+06 9.782710000000000000e+06 9.782710000000000000e+06 9.782710000000000000e+06 9.782710000000000000e+06 9.782710000000000000e+06 9.782710000000000000e+06 9.782710000000000000e+06 9.782710000000000000e+06 9.782710000000000000e+06 9.782710000000000000e+06 9.782710000000000000e+06 9.782710000000000000e+06 9.782710000000000000e+06 9.782710000000000000e+06 9.782710000000000000e+06
9.782692000000000000e+06 9.782692000000000000e+06 9.782692000000000000e+06 9.782692000000000000e+06 9.782692000000000000e+06 9.782692000000000000e+06 9.782692000000000000e+06 9.782692000000000000e+06 9.782692000000000000e+06 9.782692000000000000e+06 9.782692000000000000e+06 9.782692000000000000e+06 9.782692000000000000e+06 9.782692000000000000e+06 9.782692000000000000e+06 9.782692000000000000e+06 9.782692000000000000e+06 9.782692000000000000e+06 9.782692000000000000e+06
9.782683000000000000e+06 9.782683000000000000e+06 9.782683000000000000e+06 9.782683000000000000e+06 9.782683000000000000e+06 9.782683000000000000e+06 9.782683000000000000e+06 9.782683000000000000e+06 9.782683000000000000e+06 9.782683000000000000e+06 9.782683000000000000e+06 9.782683000000000000e+06 9.782683000000000000e+06 9.782683000000000000e+06 9.782683000000000000e+06 9.782683000000000000e+06 9.782683000000000000e+06 9.782683000000000000e+06 9.782683000000000000e+06
9.782662000000000000e+06 9.782662000000000000e+06 9.782662000000000000e+06 9.782662000000000000e+06 9.782662000000000000e+06 9.782662000000000000e+06 9.782662000000000000e+06 9.782662000000000000e+06 9.782662000000000000e+06 9.782662000000000000e+06 9.782662000000000000e+06 9.782662000000000000e+06 9.782662000000000000e+06 9.782662000000000000e+06 9.782662000000000000e+06 9.782662000000000000e+06 9.782662000000000000e+06 9.782662000000000000e+06 9.782662000000000000e+06
9.782649000000000000e+06 9.782649000000000000e+06 9.782649000000000000e+06 9.782649000000000000e+06 9.782649000000000000e+06 9.782649000000000000e+06 9.782649000000000000e+06 9.782649000000000000e+06 9.782649000000000000e+06 9.782649000000000000e+06 9.782649000000000000e+06 9.782649000000000000e+06 9.782649000000000000e+06 9.782649000000000000e+06 9.782649000000000000e+06 9.782649000000000000e+06 9.782649000000000000e+06 9.782649000000000000e+06 9.782649000000000000e+06
9.782638000000000000e+06 9.782638000000000000e+06 9.782638000000000000e+06 9.782638000000000000e+06 0.000000000000000000e+00 0.000000000000000000e+00 0.000000000000000000e+00 0.000000000000000000e+00 0.000000000000000000e+00 0.000000000000000000e+00 0.000000000000000000e+00 0.000000000000000000e+00 0.000000000000000000e+00 0.000000000000000000e+00 0.000000000000000000e+00 0.000000000000000000e+00 0.000000000000000000e+00 0.000000000000000000e+00 0.000000000000000000e+00
0.000000000000000000e+00 0.000000000000000000e+00 0.000000000000000000e+00 0.000000000000000000e+00 0.000000000000000000e+00 0.000000000000000000e+00 0.000000000000000000e+00 0.000000000000000000e+00 0.000000000000000000e+00 0.000000000000000000e+00 0.000000000000000000e+00 0.000000000000000000e+00 0.000000000000000000e+00 0.000000000000000000e+00 0.000000000000000000e+00 0.000000000000000000e+00 0.000000000000000000e+00 0.000000000000000000e+00 0.000000000000000000e+00
0.000000000000000000e+00 0.000000000000000000e+00 0.000000000000000000e+00 0.000000000000000000e+00 0.000000000000000000e+00 0.000000000000000000e+00 0.000000000000000000e+00 0.000000000000000000e+00 0.000000000000000000e+00 0.000000000000000000e+00 0.000000000000000000e+00 0.000000000000000000e+00 0.000000000000000000e+00 0.000000000000000000e+00 0.000000000000000000e+00 0.000000000000000000e+00 0.000000000000000000e+00 0.000000000000000000e+00 0.000000000000000000e+00
0.000000000000000000e+00 0.000000000000000000e+00 0.000000000000000000e+00 0.000000000000000000e+00 0.000000000000000000e+00 0.000000000000000000e+00 0.000000000000000000e+00 0.000000000000000000e+00 0.000000000000000000e+00 0.000000000000000000e+00 0.000000000000000000e+00 0.000000000000000000e+00 0.000000000000000000e+00 0.000000000000000000e+00 0.000000000000000000e+00 0.000000000000000000e+00 0.000000000000000000e+00 0.000000000000000000e+00 0.000000000000000000e+00
