9.813863000000000000e+06 9.813863000000000000e+06 9.813863000000000000e+06 9.813863000000000000e+06 9.813863000000000000e+06 9.813863000000000000e+06 9.813863000000000000e+06 9.813863000000000000e+06 9.813863000000000000e+06 9.813863000000000000e+06 9.813863000000000000e+06 9.813863000000000000e+06 9.813863000000000000e+06 9.813863000000000000e+06 9.813863000000000000e+06 9.813863000000000000e+06 9.813863000000000000e+06 9.813863000000000000e+06 9.813863000000000000e+06
9.807198000000000000e+06 9.807198000000000000e+06 9.807198000000000000e+06 9.807198000000000000e+06 9.807198000000000000e+06 9.807198000000000000e+06 9.807198000000000000e+06 9.807198000000000000e+06 9.807198000000000000e+06 9.807198000000000000e+06 9.807198000000000000e+06 9.807198000000000000e+06 9.807198000000000000e+06 9.807198000000000000e+06 9.807198000000000000e+06 9.807198000000000000e+06 9.807198000000000000e+06 9.807198000000000000e+06 9.807198000000000000e+06
9.807013000000000000e+06 9.807013000000000000e+06 9.807013000000000000e+06 9.807013000000000000e+06 9.807013000000000000e+06 9.807013000000000000e+06 9.807013000000000000e+06 9.807013000000000000e+06 9.807013000000000000e+06 9.807013000000000000e+06 9.807013000000000000e+06 9.807013000000000000e+06 9.807013000000000000e+06 9.807013000000000000e+06 9.807013000000000000e+06 9.807013000000000000e+06 9.807013000000000000e+06 9.807013000000000000e+06 9.807013000000000000e+06
9.806988000000000000e+06 9.806988000000000000e+06 9.806988000000000000e+06 9.806988000000000000e+06 9.806988000000000000e+06 9.806988000000000000e+06 9.806988000000000000e+06 9.806988000000000000e+06 9.806988000000000000e+06 9.806988000000000000e+06 9.806988000000000000e+06 9.806988000000000000e+06 9.806988000000000000e+06 9.806988000000000000e+06 9.806988000000000000e+06 9.806988000000000000e+06 9.806988000000000000e+06 9.806988000000000000e+06 9.806988000000000000e+06
9.806950000000000000e+06 9.806950000000000000e+06 9.806950000000000000e+06 9.806950000000000000e+06 9.806950000000000000e+06 9.806950000000000000e+06 9.806950000000000000e+06 9.806950000000000000e+06 9.806950000000000000e+06 9.806950000000000000e+06 9.806950000000000000e+06 9.806950000000000000e+06 9.806950000000000000e+06 9.806950000000000000e+06 9.806950000000000000e+06 9.806950000000000000e+06 9.806950000000000000e+06 9.806950000000000000e+06 9.806950000000000000e+06
9.806927000000000000e+06 9.806927000000000000e+06 9.806927000000000000e+06 9.806927000000000000e+06 9.806927000000000000e+06 9.806927000000000000e+06 9.806927000000000000e+06 9.806927000000000000e+06 9.806927000000000000e+06 9.806927000000000000e+06 9.806927000000000000e+06 9.806927000000000000e+06 9.806927000000000000e+06 9.806927000000000000e+06 9.806927000000000000e+06 9.806927000000000000e+06 9.806927000000000000e+06 9.806927000000000000e+06 9.806927000000000000e+06
9.806907000000000000e+06 9.806907000000000000e+06 9.806907000000000000e+06 9.806907000000000000e+06 9.806907000000000000e+06 9.806907000000000000e+06 9.806907000000000000e+06 9.806907000000000000e+06 9.806907000000000000e+06 9.806907000000000000e+06 9.806907000000000000e+06 9.806907000000000000e+06 9.806907000000000000e+06 9.806907000000000000e+06 9.806907000000000000e+06 9.806907000000000000e+06 9.806907000000000000e+06 9.806907000000000000e+06 9.806907000000000000e+06
9.806887000000000000e+06 9.806887000000000000e+06 9.806887000000000000e+06 9.806887000000000000e+06 9.806887000000000000e+06 9.806887000000000000e+06 9.806887000000000000e+06 9.806887000000000000e+06 9.806887000000000000e+06 9.806887000000000000e+06 9.806887000000000000e+06 9.806887000000000000e+06 9.806887000000000000e+06 9.806887000000000000e+06 9.806887000000000000e+06 9.806887000000000000e+06 9.806887000000000000e+06 9.806887000000000000e+06 9.806887000000000000e+06
9.806854000000000000e+06 9.806854000000000000e+06 9.806854000000000000e+06 9.806854000000000000e+06 9.806854000000000000e+06 9.806854000000000000e+06 9.806854000000000000e+06 9.806854000000000000e+06 9.806854000000000000e+06 9.806854000000000000e+06 9.806854000000000000e+06 9.806854000000000000e+06 9.806854000000000000e+06 9.806854000000000000e+06 9.806854000000000000e+06 9.806854000000000000e+06 9.806854000000000000e+06 9.806854000000000000e+06 9.806854000000000000e+06
9.806837000000000000e+06 9.806837000000000000e+06 9.806837000000000000e+06 9.806837000000000000e+06 9.806837000000000000e+06 9.806837000000000000e+06 9.806837000000000000e+06 9.806837000000000000e+06 9.806837000000000000e+06 9.806837000000000000e+06 9.806837000000000000e+06 9.806837000000000000e+06 9.806837000000000000e+06 9.806837000000000000e+06 9.806837000000000000e+06 9.806837000000000000e+06 9.806837000000000000e+06 9.806837000000000000e+06 9.806837000000000000e+06
9.806809000000000000e+06 9.806809000000000000e+06 9.806809000000000000e+06 9.806809000000000000e+06 9.806809000000000000e+06 9.806809000000000000e+06 9.806809000000000000e+06 9.806809000000000000e+06 9.806809000000000000e+06 0.000000000000000000e+00 0.000000000000000000e+00 0.000000000000000000e+00 0.000000000000000000e+00 0.000000000000000000e+00 0.000000000000000000e+00 0.000000000000000000e+00 0.000000000000000000e+00 0.000000000000000000e+00 0.000000000000000000e+00
0.000000000000000000e+00 0.000000000000000000e+00 0.000000000000000000e+00 0.000000000000000000e+00 0.000000000000000000e+00 0.000000000000000000e+00 0.000000000000000000e+00 0.000000000000000000e+00 0.000000000000000000e+00 0.000000000000000000e+00 0.000000000000000000e+00 0.000000000000000000e+00 0.000000000000000000e+00 0.000000000000000000e+00 0.000000000000000000e+00 0.000000000000000000e+00 0.000000000000000000e+00 0.000000000000000000e+00 0.000000000000000000e+00
0.000000000000000000e+00 0.000000000000000000e+00 0.000000000000000000e+00 0.000000000000000000e+00 0.000000000000000000e+00 0.000000000000000000e+00 0.000000000000000000e+00 0.000000000000000000e+00 0.000000000000000000e+00 0.000000000000000000e+00 0.000000000000000000e+00 0.000000000000000000e+00 0.000000000000000000e+00 0.000000000000000000e+00 0.000000000000000000e+00 0.000000000000000000e+00 0.000000000000000000e+00 0.000000000000000000e+00 0.000000000000000000e+00
0.000000000000000000e+00 0.000000000000000000e+00 0.000000000000000000e+00 0.000000000000000000e+00 0.000000000000000000e+00 0.000000000000000000e+00 0.000000000000000000e+00 0.000000000000000000e+00 0.000000000000000000e+00 0.000000000000000000e+00 0.000000000000000000e+00 0.000000000000000000e+00 0.000000000000000000e+00 0.000000000000000000e+00 0.000000000000000000e+00 0.000000000000000000e+00 0.000000000000000000e+00 0.000000000000000000e+00 0.000000000000000000e+00
0.000000000000000000e+00 0.000000000000000000e+00 0.000000000000000000e+00 0.000000000000000000e+00 0.000000000000000000e+00 0.000000000000000000e+00 0.000000000000000000e+00 0.000000000000000000e+00 0.000000000000000000e+00 0.000000000000000000e+00 0.000000000000000000e+00 0.000000000000000000e+00 0.000000000000000000e+00 0.000000000000000000e+00 0.000000000000000000e+00 0.000000000000000000e+00 0.000000000000000000e+00 0.000000000000000000e+00 0.000000000000000000e+00
0.000000000000000000e+00 0.000000000000000000e+00 0.000000000000000000e+00 0.000000000000000000e+00 0.000000000000000000e+00 0.000000000000000000e+00 0.000000000000000000e+00 0.000000000000000000e+00 0.000000000000000000e+00 0.000000000000000000e+00 0.000000000000000000e+00 0.000000000000000000e+00 0.000000000000000000e+00 0.000000000000000000e+00 0.000000000000000000e+00 0.000000000000000000e+00 0.000000000000000000e+00 0.000000000000000000e+00 0.000000000000000000e+00
0.000000000000000000e+00 0.000000000000000000e+00 0.000000000000000000e+00 0.000000000000000000e+00 0.000000000000000000e+00 0.000000000000000000e+00 0.000000000000000000e+00 0.000000000000000000e+00 0.000000000000000000e+00 0.000000000000000000e+00 0.000000000000000000e+00 0.000000000000000000e+00 0.000000000000000000e+00 0.000000000000000000e+00 0.000000000000000000e+00 0.000000000000000000e+00 0.000000000000000000e+00 0.000000000000000000e+00 0.000000000000000000e+00
0.000000000000000000e+00 0.000000000000000000e+00 0.000000000000000000e+00 0.000000000000000000e+00 0.000000000000000000e+00 0.000000000000000000e+00 0.000000000000000000e+00 0.000000000000000000e+00 0.000000000000000000e+00 0.000000000000000000e+00 0.000000000000000000e+00 0.000000000000000000e+00 0.000000000000000000e+00 0.000000000000000000e+00 0.000000000000000000e+00 0.000000000000000000e+00 0.000000000000000000e+00 0.000000000000000000e+00 0.000000000000000000e+00
0.000000000000000000e+00 0.000000000000000000e+00 0.000000000000000000e+00 0.000000000000000000e+00 0.000000000000000000e+00 0.000000000000000000e+00 0.000000000000000000e+00 0.000000000000000000e+00 0.000000000000000000e+00 0.000000000000000000e+00 0.000000000000000000e+00 0.000000000000000000e+00 0.000000000000000000e+00 0.000000000000000000e+00 0.000000000000000000e+00 0.000000000000000000e+00 0.000000000000000000e+00 0.000000000000000000e+00 0.000000000000000000e+00
